1 3 12 0
0 298 5 0
0 6 1 1
0 40 1 1
0 1032 112 1
0 199 78 35
2 6 1 1
0 346 191 62
0 40 1 1
1 35 7 0
0 8 11 5
1 35 7 0
1 35 7 0
1 3 12 0
1 3 12 0
0 143 96 52
0 143 96 52
0 40 1 1
0 6 1 1
0 64 1 1
0 3 3 0
0 545 3 0
0 1 2 0
1 3 12 0
0 6 1 1
0 587 1 1
0 6 1 1
0 30 36 17
1 35 7 0
1 3 12 0
1 2 0 0
1 35 7 0
0 586 1 1
1 3 12 0
1 10 2 0
0 584 112 1
1 22 1 1
1 3 12 0
0 6 1 1
1 6 1 1
1 35 7 0
0 3 12 0
1 35 7 0
5 346 191 62
1 35 7 0
0 164 1 1
1 6 1 1
1 40 1 1
0 44 43 24
1 35 7 0
1 3 12 0
1 3 12 0
1 3 12 0
0 17 10 0
0 22 1 1
0 40 1 1
0 6 1 1
8 -1 25 0
0 22 1 1
0 6 1 1
0 271 171 3
0 3 12 0
0 3 12 0
0 35 7 0
1 35 7 0
1 2 0 0
0 22 1 1
1 40 1 1
1 3 12 0
1 3 12 0
1 35 7 0
1 35 7 0
1 3 12 0
1 3 12 0
1 35 7 0
1 35 7 0
0 22 1 1
5 346 191 62
1 35 7 0
1 3 12 0
0 40 1 1
1 3 12 0
1 40 1 1
0 68 61 29
0 6 1 1
1 3 12 0
1 35 7 0
0 6 1 1
1 35 7 0
0 113 60 0
0 3 12 0
1 3 12 0
0 6 1 1
1 35 7 0
1 35 7 0
1 3 12 0
1 3 12 0
0 6 1 1
0 1063 1 1
0 3 3 0
1 3 12 0
1 35 7 0
1 6 1 1
0 6 1 1
1 35 7 0
0 734 112 1
1 35 7 0
1 35 7 0
1 3 12 0
2 653 51 0
0 6 1 1
1 67 1 1
1 72 0 0
0 6 1 1
1 -1 19 7
1 72 0 0
1 5 0 0
0 0 4 2
0 26 28 14
0 26 28 14
0 26 28 14
0 26 28 14
0 26 28 14
0 26 28 14
1 5 0 0
1 3 12 0
1 35 7 0
1 3 12 0
1 35 7 0
0 27 32 11
0 27 32 11
0 485 236 11
2 159 105 49
0 3 12 0
0 3 12 0
0 35 7 0
0 35 7 0
0 9 9 0
0 27 32 11
1 6 1 1
0 257 163 74
1 3 12 0
1 35 7 0
1 35 7 0
1 3 12 0
1 3 12 0
0 40 1 1
0 93 34 0
2 232 0 0
0 550 113 54
0 94 77 40
0 47 45 23
2 52 23 0
0 235 0 0
0 16 16 0
13 1 2 0
0 46 44 3
0 6 1 1
2 58 52 8
0 20 26 15
0 13 15 3
0 108 1 1
0 -1 0 0
0 4 8 0
0 139 9 0
3 237 154 76
0 -1 29 12
0 0 4 2
0 285 175 23
0 61 33 0
0 69 1 1
0 13 15 3
0 4 8 0
0 -1 0 0
1 -1 178 21
0 66 62 31
0 152 0 0
4 137 94 50
0 207 139 51
0 140 31 0
0 -1 3 0
0 182 64 0
0 32 37 0
0 7 6 0
0 17 10 0
0 36 2 0
0 200 132 64
1 2 0 0
1 2 0 0
1 2 0 0
0 16 16 0
1 40 1 1
1 721 360 118
0 327 65 0
0 97 0 0
0 42 3 0
1 0 4 2
1 2 0 0
0 7 6 0
33 62 0 0
0 208 127 22
0 788 363 17
8 282 7 0
4 58 52 8
5 89 73 38
2 19 18 0
0 19 18 0
0 4 8 0
0 32 37 0
0 61 33 0
0 61 33 0
0 7 6 0
0 61 33 0
0 4 8 0
0 65 55 0
0 8 11 5
0 0 4 2
0 55 49 28
1 105 59 6
0 29 13 4
18 898 340 16
18 240 161 16
2 0 4 2
0 17 10 0
0 78 47 0
0 17 10 0
0 14 7 0
0 27 32 11
0 27 32 11
0 24 21 0
0 11 5 0
0 6 1 1
1 3 12 0
0 38 40 22
0 19 18 0
0 1 2 0
0 740 12 0
0 34 24 21
1 972 41 6
0 107 14 0
0 12 17 9
0 0 4 2
0 244 3 0
0 8 11 5
0 570 12 0
0 48 42 16
0 50 10 0
0 333 2 0
0 34 24 21
2 146 99 53
0 0 4 2
0 0 4 2
0 0 4 2
0 0 4 2
0 0 4 2
0 100 80 30
0 257 163 74
0 257 163 74
0 127 91 39
0 -1 29 12
0 0 4 2
0 930 180 32
0 170 118 60
0 -1 101 0
0 518 220 14
0 26 28 14
0 -1 7 0
0 -1 29 12
0 4 8 0
0 27 32 11
1 297 14 0
0 141 5 0
0 99 85 42
1 182 64 0
1 6 1 1
0 230 6 0
0 21 0 0
1 2 0 0
1 2 0 0
1 2 0 0
1 2 0 0
1 76 67 32
1 2 0 0
1 2 0 0
1 2 0 0
1 2 0 0
1 76 67 32
1 2 0 0
1 76 67 32
1 2 0 0
1 2 0 0
1 76 67 32
1 2 0 0
0 76 67 32
2 45 0 0
0 8 11 5
0 0 4 2
0 0 4 2
0 0 4 2
0 0 4 2
0 0 4 2
0 0 4 2
0 0 4 2
0 0 4 2
0 20 26 15
0 20 26 15
0 3 3 0
0 120 54 12
0 14 7 0
0 1003 292 2
1 5 0 0
5 8 11 5
1 57 0 0
1 14 7 0
0 34 24 21
0 208 127 22
0 444 223 43
0 34 24 21
0 135 93 30
0 387 189 84
0 34 24 21
0 8 11 5
0 127 91 39
0 127 91 39
0 37 35 19
0 148 50 0
4 14 7 0
0 73 63 8
0 363 187 8
0 33 38 8
0 16 16 0
1 5 0 0
0 692 9 0
0 519 66 6
0 121 14 0
0 23 27 13
0 66 62 31
0 29 13 4
0 39 5 0
2 -1 19 7
0 120 54 12
0 51 0 0
0 74 12 0
3 -1 312 14
0 64 1 1
0 43 19 7
0 37 35 19
0 37 35 19
0 37 35 19
1 822 6 0
1 63 57 20
0 24 21 0
0 103 56 0
0 15 20 3
0 164 1 1
0 195 33 0
0 784 309 111
0 6 1 1
0 -1 1 1
1 308 34 0
0 81 14 0
0 174 120 63
0 190 7 0
0 21 0 0
2 41 31 0
0 867 47 0
0 232 0 0
0 24 21 0
3 25 30 18
0 4 8 0
0 8 11 5
0 53 0 0
5 38 40 22
0 31 14 0
4 28 3 0
0 593 234 16
0 -1 29 12
0 9 9 0
0 -1 3 0
2 21 0 0
1 2 0 0
0 30 36 17
0 24 21 0
0 49 46 25
0 36 2 0
0 145 39 0
0 97 0 0
1 54 48 27
0 463 7 0
0 39 5 0
4 15 20 3
0 151 110 20
0 77 69 26
0 13 15 3
0 155 83 0
0 149 102 43
1 14 7 0
0 0 4 2
0 0 4 2
0 21 0 0
0 352 53 0
0 7 6 0
0 7 6 0
0 100 80 30
0 252 152 16
0 65 55 0
0 68 61 29
0 34 24 21
0 25 30 18
0 53 0 0
0 1 2 0
0 0 4 2
0 0 4 2
0 0 4 2
0 633 279 8
0 92 75 36
0 0 4 2
0 213 3 0
0 3 3 0
0 4 8 0
0 1 2 0
0 1 2 0
0 4 8 0
0 1 2 0
0 1 2 0
0 1 2 0
0 48 42 16
0 48 42 16
1 48 42 16
0 4 8 0
0 41 31 0
0 140 31 0
0 41 31 0
0 41 31 0
0 41 31 0
1 5 0 0
0 494 181 4
0 512 245 13
3 23 27 13
9 -1 92 0
0 3 3 0
0 3 3 0
0 42 3 0
0 3 3 0
2 369 0 0
0 0 4 2
0 0 4 2
0 0 4 2
0 0 4 2
0 0 4 2
0 0 4 2
1 5 0 0
0 -1 29 12
0 6 1 1
0 206 104 4
0 74 12 0
4 813 319 131
1 66 62 31
4 104 142 0
0 24 21 0
0 36 2 0
0 12 17 9
0 3 3 0
0 21 0 0
1 5 0 0
0 95 76 4
0 61 33 0
1 115 66 6
0 965 21 0
0 41 31 0
0 477 8 0
3 168 25 0
0 7 6 0
0 34 24 21
0 1 2 0
0 103 56 0
0 25 30 18
0 61 33 0
0 46 44 3
0 175 114 3
0 46 44 3
0 96 34 0
4 204 135 56
15 243 121 0
0 15 20 3
1 -1 25 0
0 9 9 0
0 86 12 0
1 5 0 0
0 -1 0 0
2 159 105 49
0 942 0 0
5 341 25 0
2 190 34 0
0 40 1 1
1 5 0 0
0 457 68 0
0 106 58 0
0 7 6 0
0 1 2 0
0 83 1 1
0 30 36 17
0 30 36 17
0 30 36 17
0 30 36 17
0 30 36 17
0 30 36 17
0 30 36 17
0 30 36 17
0 30 36 17
0 30 36 17
0 30 36 17
0 30 36 17
0 30 36 17
0 30 36 17
4 36 2 0
4 384 206 87
0 1 2 0
0 0 4 2
0 260 2 0
1 1 2 0
0 956 0 0
0 8 11 5
0 8 11 5
0 515 21 0
0 909 251 11
0 12 17 9
0 17 10 0
0 19 18 0
0 93 34 0
0 12 17 9
0 69 1 1
0 53 0 0
0 44 43 24
1 172 5 0
0 49 46 25
0 37 35 19
0 -1 3 0
0 58 52 8
1 0 4 2
1 0 4 2
1 0 4 2
1 0 4 2
1 0 4 2
0 6 1 1
0 28 3 0
0 39 5 0
0 7 6 0
1 0 4 2
0 39 5 0
5 0 4 2
0 0 4 2
0 0 4 2
0 10 2 0
0 0 4 2
0 44 43 24
0 215 141 70
0 65 55 0
0 74 12 0
0 11 5 0
1 2 0 0
1 2 0 0
1 2 0 0
1 2 0 0
1 2 0 0
1 2 0 0
0 1 2 0
0 16 16 0
0 1 2 0
0 69 1 1
0 69 1 1
0 69 1 1
0 3 3 0
0 65 55 0
0 843 23 0
0 1 2 0
0 17 10 0
0 6 1 1
0 9 9 0
0 0 4 2
1 270 10 0
0 44 43 24
0 15 20 3
0 15 20 3
0 -1 29 12
1 347 6 0
1 0 4 2
0 16 16 0
0 20 26 15
0 13 15 3
0 24 21 0
0 160 50 0
1 54 48 27
0 -1 0 0
0 790 16 0
0 7 6 0
0 4 8 0
0 61 33 0
0 15 20 3
1 4 8 0
0 195 33 0
0 1 2 0
0 84 54 12
1 429 59 6
0 38 40 22
0 292 176 80
0 257 163 74
1 2 0 0
1 13 15 3
0 303 6 0
1 106 58 0
0 95 76 4
0 34 24 21
0 -1 9 0
2 7 6 0
0 31 14 0
0 19 18 0
0 -1 3 0
1 1 2 0
0 26 28 14
0 21 0 0
0 34 24 21
0 38 40 22
0 51 0 0
0 -1 6 0
0 21 0 0
0 4 8 0
0 4 8 0
0 7 6 0
4 210 140 58
0 20 26 15
1 44 43 24
2 29 13 4
0 -1 19 7
0 -1 29 12
0 -1 29 12
12 1 2 0
0 15 20 3
0 49 46 25
1 10 2 0
0 901 0 0
0 25 30 18
0 203 134 68
1 53 0 0
0 47 45 23
0 26 28 14
2 21 0 0
0 71 1 1
0 71 1 1
1 35 7 0
2 29 13 4
0 42 3 0
0 45 0 0
0 1 2 0
1 18 22 10
0 69 1 1
0 100 80 30
0 27 32 11
0 51 0 0
0 21 0 0
0 37 35 19
0 69 1 1
0 928 147 0
0 61 33 0
0 71 1 1
0 12 17 9
0 20 26 15
0 51 0 0
3 26 28 14
0 70 41 6
0 148 50 0
0 39 5 0
1 6 1 1
0 3 3 0
1 130 9 0
0 75 0 0
0 406 58 0
0 52 23 0
0 94 77 40
1 5 0 0
0 156 50 0
0 45 0 0
0 9 9 0
0 3 3 0
1 1015 13 4
1 -1 6 0
0 34 24 21
0 16 16 0
1 183 5 0
0 1 2 0
0 40 1 1
7 23 27 13
0 20 26 15
0 1 2 0
0 1 2 0
0 19 18 0
0 1 2 0
0 -1 19 7
0 199 78 35
0 -1 29 12
0 60 39 0
0 32 37 0
0 40 1 1
0 13 15 3
0 40 1 1
0 79 16 0
0 887 68 0
0 1 2 0
0 -1 244 7
0 26 28 14
0 280 1 1
0 410 0 0
0 82 10 0
5 194 41 6
5 12 17 9
1 5 0 0
0 191 25 0
2 21 0 0
0 487 5 0
0 0 4 2
0 34 24 21
0 30 36 17
1 403 156 0
0 0 4 2
0 0 4 2
0 0 4 2
0 0 4 2
0 0 4 2
0 0 4 2
0 0 4 2
0 0 4 2
0 0 4 2
0 0 4 2
0 0 4 2
0 0 4 2
0 0 4 2
0 0 4 2
0 0 4 2
0 0 4 2
0 0 4 2
0 0 4 2
0 0 4 2
0 0 4 2
0 0 4 2
0 0 4 2
0 0 4 2
0 0 4 2
0 0 4 2
0 0 4 2
0 63 57 20
0 256 155 7
0 -1 29 12
0 117 64 0
0 37 35 19
0 3 3 0
1 246 109 7
0 1 2 0
0 61 33 0
0 36 2 0
0 768 53 0
0 36 2 0
0 36 2 0
0 520 240 16
1 5 0 0
1 5 0 0
0 180 35 19
0 180 35 19
0 190 6 0
0 8 11 5
0 144 5 0
0 25 30 18
0 6 1 1
0 11 5 0
0 197 129 33
0 33 38 8
0 27 32 11
0 36 2 0
1 173 65 0
0 61 33 0
0 1 2 0
0 -1 5 0
0 1 2 0
0 79 16 0
0 3 3 0
0 42 3 0
0 7 6 0
0 7 6 0
0 271 171 3
0 179 15 3
0 13 15 3
0 13 15 3
0 13 15 3
0 -1 25 0
0 9 9 0
0 69 1 1
0 69 1 1
0 69 1 1
0 69 1 1
5 66 62 31
0 68 61 29
0 68 61 29
0 26 28 14
0 31 14 0
0 17 10 0
0 160 50 0
0 14 7 0
0 12 17 9
0 81 14 0
0 117 64 0
0 412 33 0
0 56 0 0
0 1 2 0
0 1 2 0
0 1 2 0
0 7 6 0
1 115 66 6
0 416 1 1
0 166 115 61
0 418 0 0
1 5 0 0
0 16 16 0
0 7 6 0
1 150 103 11
0 411 147 0
0 373 199 69
0 278 25 0
1 101 33 0
1 5 0 0
0 13 15 3
0 135 93 30
4 128 70 4
0 672 64 0
5 79 16 0
0 11 5 0
0 4 8 0
0 9 9 0
0 36 2 0
0 157 108 48
0 216 13 4
0 80 24 37
0 498 0 0
0 34 24 21
0 74 12 0
0 7 6 0
0 244 3 0
0 244 3 0
3 8 11 5
2 105 59 6
0 775 16 0
0 254 136 7
0 254 136 7
0 155 83 0
1 29 13 4
0 315 21 0
1 364 3 0
0 344 3 0
0 172 5 0
0 1 2 0
0 45 0 0
1 5 0 0
1 72 0 0
1 72 0 0
1 56 0 0
0 1 2 0
0 861 25 0
0 3 3 0
2 65 55 0
0 6 1 1
0 28 3 0
0 7 6 0
0 162 14 0
0 199 78 35
0 23 27 13
0 22 1 1
1 10 2 0
1 10 2 0
1 10 2 0
1 10 2 0
1 10 2 0
1 10 2 0
1 10 2 0
1 10 2 0
1 10 2 0
1 10 2 0
0 71 1 1
0 149 102 43
0 289 92 0
0 42 3 0
0 101 33 0
0 459 231 110
0 347 6 0
0 24 21 0
1 59 3 0
1 59 3 0
1 59 3 0
1 59 3 0
1 59 3 0
1 59 3 0
1 59 3 0
1 59 3 0
0 52 23 0
0 72 0 0
0 1 2 0
0 37 35 19
0 70 41 6
0 932 41 6
0 5 0 0
1 453 50 0
0 4 8 0
0 29 13 4
0 940 13 4
0 402 10 0
0 7 6 0
0 253 56 0
0 7 6 0
0 9 9 0
0 717 12 0
0 206 104 4
0 3 3 0
0 1023 109 7
2 438 14 0
0 11 5 0
1 54 48 27
0 7 6 0
0 31 14 0
2 163 5 0
1 3 3 0
0 422 218 62
0 3 3 0
0 3 3 0
0 61 33 0
0 4 8 0
0 75 0 0
0 4 8 0
0 75 0 0
0 75 0 0
0 75 0 0
0 530 0 0
0 4 8 0
0 21 0 0
1 2 0 0
0 295 9 0
1 29 13 4
1 5 0 0
0 0 4 2
0 0 4 2
1 5 0 0
0 67 1 1
0 9 9 0
0 56 0 0
0 7 6 0
5 191 25 0
0 6 1 1
0 1 2 0
0 164 1 1
0 241 0 0
0 21 0 0
2 9 9 0
0 28 3 0
1 897 0 0
0 72 0 0
0 30 36 17
4 14 7 0
0 66 62 31
0 1028 81 0
0 52 23 0
5 39 5 0
0 17 10 0
1 640 1 1
1 29 13 4
0 112 25 0
0 16 16 0
1 45 0 0
0 9 9 0
0 52 23 0
0 8 11 5
0 0 4 2
0 256 155 7
0 -1 16 0
0 312 109 7
0 247 1 1
0 9 9 0
2 148 50 0
0 19 18 0
0 50 10 0
0 6 1 1
3 44 43 24
0 151 110 20
1 294 0 0
3 76 67 32
12 151 110 20
1 591 271 116
1 483 230 7
0 73 63 8
0 104 53 0
0 6 1 1
1 35 7 0
1 3 12 0
1 35 7 0
1 35 7 0
1 3 12 0
1 3 12 0
1 40 1 1
0 40 1 1
0 55 49 28
0 55 49 28
0 55 49 28
0 16 16 0
1 0 4 2
1 141 5 0
2 11 5 0
0 7 6 0
0 84 54 12
0 3 3 0
0 172 5 0
0 118 13 4
0 41 31 0
0 100 80 30
0 37 35 19
2 -1 7 0
1 48 42 16
0 25 30 18
0 1 2 0
0 110 84 0
0 31 14 0
0 9 9 0
0 231 3 0
0 9 9 0
0 4 8 0
0 3 3 0
17 871 34 0
1 10 2 0
0 112 25 0
1 -1 3 0
1 68 61 29
1 -1 149 51
0 189 3 0
5 91 74 33
1 5 0 0
0 97 0 0
2 37 35 19
0 17 10 0
0 17 10 0
0 41 31 0
0 324 0 0
0 9 9 0
2 225 144 59
1 117 64 0
0 524 25 0
0 25 30 18
0 56 0 0
2 293 168 46
0 5 0 0
5 53 0 0
0 21 0 0
0 4 8 0
0 4 8 0
0 4 8 0
0 34 24 21
0 7 6 0
0 834 83 0
5 37 35 19
0 226 0 0
0 51 0 0
0 109 81 0
0 9 9 0
1 3 3 0
0 106 58 0
1 5 0 0
1 3 3 0
1 -1 19 7
1 134 13 4
0 1 2 0
0 58 52 8
0 224 138 65
0 224 138 65
0 48 42 16
0 50 10 0
0 1 2 0
25 171 5 0
0 27 32 11
0 71 1 1
0 359 3 0
0 29 13 4
0 -1 19 7
0 145 39 0
0 41 31 0
0 16 16 0
0 3 3 0
0 3 3 0
0 16 16 0
2 135 93 30
0 71 1 1
0 3 12 0
0 3 12 0
0 35 7 0
0 21 0 0
0 168 25 0
0 1 2 0
0 249 5 0
0 -1 25 0
0 36 2 0
0 36 2 0
0 81 14 0
0 193 113 54
0 451 51 0
0 83 1 1
0 27 32 11
0 25 30 18
1 470 3 0
1 42 3 0
0 1 2 0
2 12 17 9
1 10 2 0
1 10 2 0
1 10 2 0
1 10 2 0
1 10 2 0
1 10 2 0
1 10 2 0
1 10 2 0
1 45 0 0
2 102 51 0
0 38 40 22
0 52 23 0
5 38 40 22
0 821 145 9
2 78 47 0
0 121 14 0
1 -1 19 7
0 38 40 22
1 -1 276 7
0 0 4 2
0 40 1 1
0 109 81 0
8 43 19 7
0 146 99 53
1 53 0 0
2 189 3 0
2 159 105 49
0 161 111 46
0 915 1 1
3 2 0 0
3 -1 208 11
0 60 39 0
0 823 -1 126
0 -1 208 11
0 6 1 1
0 6 1 1
0 6 1 1
0 6 1 1
0 6 1 1
0 6 1 1
0 6 1 1
0 141 34 0
0 19 18 0
0 162 14 0
0 63 57 20
7 88 71 10
1 53 0 0
0 321 10 0
0 24 21 0
0 3 3 0
0 103 56 0
0 15 20 3
0 1013 6 0
0 123 3 0
0 12 17 9
0 72 0 0
0 22 1 1
0 22 1 1
0 22 1 1
0 22 1 1
0 22 1 1
0 22 1 1
0 22 1 1
0 31 14 0
0 24 21 0
0 156 50 0
0 82 10 0
2 765 5 0
0 -1 3 0
0 27 32 11
0 31 14 0
0 282 7 0
0 35 7 0
0 55 49 28
0 60 39 0
1 186 23 0
0 4 8 0
0 35 56 0
0 63 57 20
0 4 8 0
0 212 78 35
0 234 164 35
0 212 78 35
2 49 46 25
0 49 46 25
1 106 58 0
1 5 0 0
0 37 35 19
1 5 0 0
1 204 135 56
1 118 13 4
0 549 232 104
0 32 37 0
9 -1 2 0
0 404 190 0
1 151 110 20
0 160 50 0
0 242 0 0
0 339 87 6
0 -1 19 7
8 171 5 0
0 396 18 0
0 4 8 0
0 357 9 0
1 93 34 0
0 17 10 0
1 24 21 0
1 1 2 0
1 261 8 0
0 336 51 0
9 142 7 0
0 131 82 0
1 -1 9 0
0 247 1 1
0 578 33 0
0 31 14 0
2 29 13 4
0 4 8 0
11 448 224 109
0 7 6 0
4 89 73 38
0 25 30 18
0 62 0 0
0 42 3 0
0 925 51 0
0 7 6 0
1 236 3 0
2 139 13 4
8 1039 7 0
8 78 47 0
1 18 22 10
1 18 22 10
1 18 22 10
1 18 22 10
1 18 22 10
1 18 22 10
1 18 22 10
1 18 22 10
1 18 22 10
1 18 22 10
1 18 22 10
1 18 22 10
1 18 22 10
1 18 22 10
1 18 22 10
1 18 22 10
1 18 22 10
0 4 8 0
1 5 0 0
0 119 7 0
0 -1 29 12
0 -1 29 12
0 -1 29 12
0 43 19 7
1 45 0 0
1 45 0 0
0 43 19 7
0 7 6 0
0 16 16 0
0 274 9 0
0 42 3 0
1 -1 3 0
1 163 5 0
0 32 37 0
0 49 46 25
0 585 64 0
0 236 3 0
0 269 12 0
0 184 101 0
0 0 4 2
0 45 0 0
0 90 72 26
0 106 58 0
0 464 5 0
0 75 0 0
0 43 19 7
0 60 39 0
0 202 2 0
0 19 18 0
0 840 51 0
0 0 4 2
0 39 5 0
0 1 2 0
0 1 2 0
0 55 49 28
1 5 0 0
0 141 5 0
0 0 4 2
0 0 4 2
0 0 4 2
0 0 4 2
0 0 4 2
0 0 4 2
0 0 4 2
0 0 4 2
0 7 6 0
4 37 35 19
8 103 56 0
0 117 64 0
1 54 48 27
0 6 1 1
0 6 1 1
1 5 0 0
0 103 56 0
0 6 1 1
3 306 219 107
1 108 1 1
0 145 39 0
0 24 21 0
0 16 16 0
0 1011 3 0
0 81 14 0
0 1 2 0
0 1 2 0
1 5 0 0
0 13 15 3
0 125 0 0
0 53 0 0
1 52 23 0
0 1 2 0
3 272 183 3
1 177 65 0
0 15 20 3
0 19 18 0
0 212 78 35
1 159 105 49
0 19 18 0
2 21 0 0
0 66 62 31
0 133 23 0
0 359 3 0
0 242 0 0
0 28 3 0
0 31 14 0
0 48 42 16
0 131 82 0
0 74 12 0
0 38 40 22
0 220 0 0
1 5 0 0
1 5 0 0
0 969 12 0
0 19 18 0
1 501 83 0
1 53 0 0
0 33 38 8
0 33 38 8
0 760 56 0
1 10 2 0
0 146 99 53
1 10 2 0
1 10 2 0
1 10 2 0
0 146 99 53
1 10 2 0
1 10 2 0
0 -1 357 21
2 12 17 9
0 521 47 0
0 34 24 21
0 37 35 19
0 158 23 0
0 11 5 0
0 16 16 0
0 258 25 0
0 9 9 0
0 31 14 0
0 14 7 0
1 5 0 0
0 4 8 0
1 24 21 0
0 331 56 0
0 34 24 21
0 20 26 15
0 28 3 0
0 120 54 12
3 37 35 19
28 9 9 0
2 23 27 13
0 53 0 0
0 125 0 0
0 60 39 0
0 103 56 0
0 1070 47 0
0 17 10 0
0 19 18 0
0 4 8 0
0 41 31 0
0 34 24 21
1 7 6 0
0 529 53 0
1 2 0 0
0 27 32 11
0 27 32 11
0 394 51 0
2 14 7 0
0 289 92 0
5 53 0 0
0 15 20 3
0 13 15 3
0 46 44 3
0 15 20 3
0 46 44 3
0 13 15 3
0 15 20 3
0 9 9 0
0 42 3 0
0 36 2 0
0 878 12 0
1 5 0 0
1 5 0 0
0 0 4 2
1 35 7 0
1 35 7 0
1 3 12 0
1 3 12 0
0 43 19 7
0 24 21 0
0 193 113 54
0 21 0 0
2 832 76 4
0 337 3 0
0 1 2 0
2 167 116 55
0 17 10 0
0 1 2 0
1 855 33 0
0 1 2 0
2 167 116 55
0 92 75 36
4 22 1 1
0 4 8 0
2 19 18 0
0 4 8 0
0 507 3 0
0 -1 1 1
0 7 6 0
0 23 27 13
0 42 3 0
0 9 9 0
0 -1 19 7
2 835 47 0
0 12 7 0
0 32 37 0
2 14 7 0
0 31 14 0
0 -1 3 0
0 48 42 16
0 39 5 0
0 11 5 0
0 11 5 0
0 11 5 0
0 11 5 0
0 11 5 0
0 11 5 0
0 11 5 0
0 11 5 0
0 11 5 0
0 11 5 0
0 11 5 0
0 11 5 0
5 7 6 0
0 166 115 61
1 125 0 0
0 72 0 0
0 117 64 0
0 4 8 0
0 1 2 0
0 554 25 0
1 18 22 10
0 37 35 19
0 104 53 0
0 36 2 0
0 -1 29 12
0 -1 29 12
0 -1 29 12
0 -1 29 12
0 -1 29 12
0 74 12 0
0 74 12 0
0 109 81 0
2 67 1 1
0 1021 343 55
0 167 116 55
1 5 0 0
1 5 0 0
0 -1 3 0
1 5 0 0
0 121 14 0
1 111 68 0
1 5 0 0
1 5 0 0
1 12 17 9
0 6 1 1
5 28 3 0
0 53 0 0
0 -1 29 12
0 -1 29 12
0 -1 29 12
0 58 52 8
0 6 1 1
1 136 97 47
2 19 18 0
0 17 10 0
0 46 44 3
0 15 20 3
0 46 44 3
0 29 13 4
0 29 13 4
0 1004 70 4
1 52 23 0
2 176 124 3
0 86 12 0
0 27 32 11
0 3 3 0
0 6 1 1
1 145 39 0
0 33 38 8
0 33 38 8
0 79 16 0
0 156 50 0
0 30 36 17
0 124 12 0
0 0 4 2
0 24 21 0
0 14 7 0
0 14 7 0
0 110 84 0
0 13 15 3
0 32 37 0
0 0 4 2
0 0 4 2
0 0 4 2
0 0 4 2
0 0 4 2
0 0 4 2
0 0 4 2
0 0 4 2
0 0 4 2
0 39 5 0
0 16 16 0
1 5 0 0
13 1 2 0
0 274 9 0
0 3 3 0
1 23 27 13
0 41 31 0
0 32 37 0
0 19 18 0
0 58 52 8
0 -1 5 0
11 263 165 78
0 191 25 0
0 67 1 1
0 23 27 13
0 15 20 3
0 696 23 0
0 4 8 0
0 11 5 0
0 0 4 2
0 0 4 2
0 0 4 2
0 1 2 0
0 96 34 0
1 45 0 0
0 17 10 0
18 40 1 1
0 52 23 0
0 1043 0 0
0 1 2 0
1 181 123 16
1 21 0 0
0 231 3 0
0 221 0 0
0 199 78 35
0 69 1 1
0 13 15 3
0 0 4 2
1 3 3 0
1 101 33 0
1 3 3 0
1 101 33 0
0 126 89 41
0 9 9 0
0 93 34 0
0 138 98 6
0 0 4 2
1 3 3 0
19 36 2 0
0 25 30 18
0 113 60 0
0 144 5 0
0 11 5 0
0 1 2 0
0 124 12 0
0 38 40 22
2 250 12 0
0 36 2 0
1 0 4 2
1 0 4 2
0 40 1 1
0 17 10 0
0 19 18 0
0 19 18 0
1 2 0 0
0 105 59 6
2 43 19 7
5 443 252 20
0 72 0 0
4 0 4 2
0 204 135 56
0 732 65 0
0 243 121 0
2 -1 0 0
0 8 11 5
0 8 11 5
0 135 93 30
0 393 39 0
1 53 0 0
0 34 24 21
0 15 20 3
0 55 49 28
2 23 27 13
1 119 7 0
0 17 10 0
0 13 15 3
0 53 0 0
0 9 9 0
2 28 3 0
0 11 5 0
0 304 14 0
1 42 3 0
0 261 8 0
1 222 6 0
2 60 39 0
0 1 2 0
0 1 2 0
0 1 2 0
0 1 2 0
0 86 12 0
0 86 12 0
0 1 2 0
0 1 2 0
0 86 12 0
0 1 2 0
0 1 2 0
0 1 2 0
0 1 2 0
0 1 2 0
0 1 2 0
0 1 2 0
0 1 2 0
0 1 2 0
0 86 12 0
0 1 2 0
0 1 2 0
0 1 2 0
0 86 12 0
1 14 7 0
0 3 3 0
0 427 39 0
1 14 7 0
1 113 60 0
11 19 18 0
3 -1 29 12
0 51 0 0
3 155 83 0
0 165 0 0
1 52 23 0
0 47 45 23
4 37 35 19
0 77 69 26
3 77 69 26
0 -1 6 0
0 169 117 57
0 12 17 9
0 79 16 0
0 12 17 9
0 12 17 9
0 12 17 9
0 12 17 9
0 12 17 9
0 12 17 9
1 10 2 0
1 58 52 8
0 4 8 0
0 28 3 0
0 20 26 15
0 8 11 5
0 276 18 0
0 4 8 0
0 33 6 0
0 0 4 2
0 0 4 2
0 0 4 2
0 0 4 2
0 0 4 2
0 0 4 2
0 0 4 2
0 11 5 0
0 11 5 0
0 4 8 0
0 523 0 0
0 67 1 1
0 1 2 0
0 103 56 0
0 146 99 53
0 146 99 53
0 140 31 0
0 13 15 3
0 260 70 4
0 3 3 0
0 60 39 0
0 143 96 52
0 -1 25 0
8 96 34 0
0 3 3 0
0 16 16 0
0 74 12 0
0 140 31 0
0 7 6 0
0 -1 0 0
0 13 15 3
0 179 15 3
0 179 15 3
1 686 6 0
0 46 44 3
2 341 25 0
1 86 12 0
0 1074 10 0
0 1 2 0
5 31 14 0
0 78 47 0
0 0 4 2
0 242 0 0
0 19 18 0
0 133 23 0
2 -1 7 0
0 140 31 0
0 51 0 0
30 332 112 1
1 18 22 10
0 741 21 0
0 -1 1 1
2 -1 1 1
4 68 61 29
2 50 10 0
0 4 8 0
0 68 61 29
0 87 3 0
0 23 27 13
0 380 203 8
0 39 5 0
1 2 0 0
1 5 0 0
0 158 23 0
0 3 3 0
0 51 0 0
1 147 100 6
22 62 0 0
0 16 16 0
1 5 0 0
1 5 0 0
0 0 4 2
1 35 7 0
0 435 1 1
2 21 0 0
7 280 47 0
0 14 7 0
0 14 7 0
0 14 7 0
0 22 1 1
1 35 7 0
1 3 12 0
1 3 12 0
0 40 1 1
0 23 27 13
0 60 39 0
0 282 7 0
0 60 39 0
0 349 7 0
0 16 16 0
0 16 16 0
0 441 33 0
0 154 10 0
0 300 21 0
0 33 38 8
0 0 4 2
0 0 4 2
1 183 5 0
0 239 2 0
0 155 83 0
0 7 6 0
0 60 39 0
0 145 39 0
0 60 39 0
0 482 65 0
0 3 3 0
0 1 2 0
0 379 200 2
0 55 49 28
0 140 31 0
0 48 42 16
0 251 82 0
0 66 62 31
0 467 209 36
0 227 13 4
5 36 2 0
0 -1 6 0
1 54 48 27
5 46 44 3
0 3 3 0
0 482 65 0
0 11 5 0
0 14 7 0
0 21 0 0
0 -1 29 12
0 1 2 0
0 214 143 66
9 49 46 25
0 81 14 0
0 146 99 53
12 47 45 23
0 450 227 97
0 336 51 0
0 17 10 0
0 1 2 0
1 5 0 0
1 46 44 3
1 46 44 3
0 121 14 0
0 0 4 2
0 266 169 77
0 266 169 77
0 266 169 77
0 0 4 2
0 88 71 10
0 88 71 10
0 30 36 17
0 118 13 4
0 71 1 1
0 48 42 16
0 80 24 37
0 169 117 57
0 169 117 57
0 23 27 13
0 14 7 0
0 52 23 0
0 7 6 0
0 48 42 16
0 38 40 22
0 936 112 1
0 7 6 0
0 778 0 0
2 335 87 6
0 110 84 0
1 5 0 0
1 5 0 0
0 24 21 0
1 158 23 0
2 141 5 0
1 6 1 1
0 19 18 0
0 1 2 0
2 329 6 0
0 281 34 0
0 38 40 22
0 1 2 0
0 678 5 0
0 80 24 37
0 149 102 43
0 23 27 13
0 47 45 23
23 105 59 6
0 110 84 0
0 4 8 0
1 254 136 7
0 48 42 16
0 20 26 15
0 20 26 15
0 89 73 38
1 39 5 0
2 227 13 4
1 5 0 0
2 371 12 0
0 169 117 57
0 19 18 0
0 26 28 14
0 1 2 0
0 88 71 10
0 128 70 4
0 90 72 26
0 -1 29 12
0 92 75 36
2 51 0 0
0 20 26 15
0 37 35 19
0 25 30 18
0 106 58 0
0 37 35 19
0 37 35 19
0 4 8 0
0 91 74 33
0 109 81 0
1 14 7 0
0 270 10 0
0 17 10 0
0 20 26 15
1 50 10 0
0 41 31 0
0 3 3 0
0 259 3 0
0 3 3 0
0 7 6 0
0 32 37 0
0 7 6 0
0 187 53 0
2 462 10 0
0 152 0 0
0 0 4 2
0 4 8 0
0 41 31 0
0 147 100 6
0 34 24 21
0 463 7 0
2 14 7 0
0 6 1 1
5 121 14 0
1 87 3 0
1 1001 14 0
1 545 3 0
0 101 33 0
0 48 42 16
0 380 203 8
0 16 16 0
0 47 45 23
1 4 8 0
1 21 0 0
0 279 5 0
0 133 23 0
0 14 7 0
0 172 5 0
0 172 5 0
0 115 66 6
0 694 12 0
0 17 10 0
0 423 192 72
0 43 19 7
6 80 24 37
6 32 37 0
1 5 0 0
7 0 4 2
1 181 123 16
4 22 1 1
0 30 36 17
0 146 99 53
0 44 43 24
0 70 41 6
0 288 133 6
0 1 2 0
0 106 58 0
0 413 1 1
0 259 3 0
0 -1 9 0
1 20 26 15
1 57 0 0
0 4 8 0
1 2 0 0
1 2 0 0
1 2 0 0
1 2 0 0
1 2 0 0
1 2 0 0
1 2 0 0
0 212 78 35
1 57 0 0
1 14 7 0
1 14 7 0
1 14 7 0
1 14 7 0
1 57 0 0
1 57 0 0
1 57 0 0
1 14 7 0
1 14 7 0
0 265 167 0
0 15 20 3
0 14 7 0
0 22 1 1
0 6 1 1
0 6 1 1
1 6 1 1
11 1050 47 0
0 12 17 9
0 138 98 6
0 14 7 0
1 10 2 0
1 88 71 10
0 84 54 12
0 84 54 12
0 84 54 12
0 84 54 12
0 84 54 12
0 266 169 77
0 -1 29 12
0 0 4 2
0 804 21 0
1 358 95 45
1 170 118 60
1 358 95 45
0 109 81 0
14 62 0 0
10 62 0 0
0 0 4 2
0 558 226 105
1 -1 19 7
0 7 6 0
0 7 6 0
0 1 2 0
0 1 2 0
0 86 12 0
0 94 77 40
0 6 1 1
0 78 47 0
0 78 47 0
1 1 2 0
0 156 50 0
0 69 1 1
0 29 13 4
0 77 69 26
3 77 69 26
0 339 87 6
0 -1 1 1
0 75 0 0
4 44 43 24
0 58 52 8
0 127 91 39
0 8 11 5
0 8 11 5
0 8 11 5
0 8 11 5
0 8 11 5
0 8 11 5
0 8 11 5
0 8 11 5
0 8 11 5
0 8 11 5
0 8 11 5
0 8 11 5
0 8 11 5
0 8 11 5
0 8 11 5
0 8 11 5
0 26 28 14
1 20 26 15
4 36 2 0
0 29 13 4
0 4 8 0
7 56 0 0
0 0 4 2
0 0 4 2
0 0 4 2
0 1 2 0
6 38 40 22
6 516 147 0
0 66 62 31
0 547 53 0
0 167 116 55
0 116 88 44
0 116 88 44
0 31 14 0
6 91 74 33
0 1 2 0
0 48 42 16
0 240 161 16
0 260 70 4
0 111 68 0
0 7 6 0
7 19 18 0
0 11 5 0
0 3 3 0
0 1 2 0
0 267 170 18
0 403 156 0
0 9 9 0
2 3 3 0
0 34 24 21
2 12 17 9
0 33 38 8
4 4 8 0
2 6 1 1
1 25 30 18
0 328 65 0
0 39 5 0
1 59 3 0
1 59 3 0
1 59 3 0
1 59 3 0
1 59 3 0
1 59 3 0
1 59 3 0
1 59 3 0
2 167 116 55
0 0 4 2
0 0 4 2
0 0 4 2
0 0 4 2
0 0 4 2
0 0 4 2
0 0 4 2
0 1 2 0
0 39 5 0
0 1 2 0
0 50 10 0
0 38 40 22
0 138 98 6
6 38 40 22
0 30 36 17
0 105 59 6
0 60 39 0
0 38 40 22
0 29 13 4
2 87 3 0
0 0 4 2
0 0 4 2
0 0 4 2
0 0 4 2
0 0 4 2
0 0 4 2
0 0 4 2
0 0 4 2
0 0 4 2
0 0 4 2
0 642 18 0
0 24 21 0
0 7 6 0
0 14 7 0
18 6 1 1
1 5 0 0
0 73 63 8
6 395 34 0
6 181 123 16
6 29 13 4
0 36 2 0
6 1 2 0
6 48 42 16
6 39 5 0
0 95 76 4
0 598 12 0
6 173 65 0
6 38 40 22
6 670 9 0
6 200 132 64
6 -1 23 0
0 864 47 0
1 490 13 4
6 1 2 0
6 104 53 0
0 60 39 0
6 77 69 26
6 197 129 33
6 881 5 0
6 -1 149 51
6 7 6 0
6 1 2 0
2 213 3 0
0 9 9 0
0 992 14 0
0 34 24 21
1 2 0 0
1 2 0 0
1 2 0 0
1 2 0 0
1 2 0 0
1 2 0 0
0 11 5 0
1 16 16 0
0 117 64 0
1 79 16 0
1 28 3 0
0 63 57 20
0 7 6 0
0 1 2 0
0 160 50 0
0 39 5 0
0 14 7 0
0 23 27 13
0 9 9 0
0 38 40 22
0 33 38 8
2 92 75 36
0 377 201 92
0 577 265 13
0 3 3 0
0 78 47 0
6 197 129 33
6 9 9 0
6 7 6 0
1 -1 19 7
0 31 14 0
0 52 23 0
1 2 0 0
1 2 0 0
1 2 0 0
1 2 0 0
1 2 0 0
1 2 0 0
1 397 212 79
1 3 3 0
0 4 8 0
0 8 11 5
0 1 2 0
0 21 0 0
1 5 0 0
2 45 0 0
0 296 10 0
2 6 1 1
0 4 8 0
0 30 36 17
1 246 109 7
0 53 0 0
6 37 35 19
1 5 0 0
0 908 50 0
1 182 64 0
3 53 0 0
10 136 97 47
2 25 30 18
0 61 33 0
0 842 58 0
0 4 8 0
0 208 127 22
0 208 127 22
0 66 62 31
0 9 9 0
2 1052 7 0
22 62 0 0
1 5 0 0
6 1038 348 17
6 31 14 0
0 95 76 4
0 37 35 19
0 37 35 19
0 378 60 0
6 30 36 17
6 1 2 0
6 237 154 76
6 213 3 0
8 844 367 56
0 33 38 8
0 3 3 0
0 599 1 1
0 136 97 47
0 21 0 0
6 39 5 0
0 347 6 0
0 32 37 0
0 29 13 4
1 201 16 0
0 86 12 0
0 235 0 0
0 185 125 67
0 88 71 10
0 88 71 10
0 183 5 0
0 43 19 7
0 29 13 4
2 -1 3 0
2 -1 3 0
20 6 1 1
0 7 6 0
0 37 35 19
0 43 19 7
0 3 3 0
0 6 1 1
0 3 3 0
0 96 34 0
1 109 81 0
1 2 0 0
1 2 0 0
1 2 0 0
0 3 3 0
0 0 4 2
0 33 38 8
15 29 13 4
0 64 1 1
0 14 7 0
0 74 12 0
0 387 189 84
0 33 38 8
0 -1 3 0
0 37 35 19
0 37 35 19
0 11 5 0
1 43 19 7
0 631 0 0
0 6 1 1
0 9 9 0
0 6 1 1
0 32 37 0
0 47 45 23
2 14 7 0
0 -1 6 0
0 37 35 19
0 7 6 0
0 21 0 0
0 4 8 0
0 96 34 0
0 19 18 0
0 14 7 0
1 -1 6 0
0 32 37 0
1 49 46 25
0 172 5 0
0 4 8 0
0 4 8 0
0 4 8 0
0 4 8 0
0 4 8 0
0 397 212 79
0 771 18 0
1 -1 6 0
1 5 0 0
0 42 3 0
2 680 16 0
0 15 20 3
0 15 20 3
0 15 20 3
0 13 15 3
0 15 20 3
0 15 20 3
0 15 20 3
0 15 20 3
0 15 20 3
0 179 15 3
0 15 20 3
0 26 28 14
0 1 2 0
1 177 65 0
0 42 3 0
1 5 0 0
2 298 5 0
6 1 2 0
6 467 209 36
6 1 2 0
6 -1 29 12
6 32 37 0
1 5 0 0
0 32 37 0
0 532 50 0
0 32 37 0
3 626 278 13
0 1 2 0
0 1 2 0
0 103 56 0
1 18 22 10
0 28 3 0
1 14 7 0
1 14 7 0
7 11 5 0
0 261 8 0
0 546 8 0
0 11 5 0
0 3 3 0
0 4 8 0
0 80 24 37
0 970 64 0
0 4 8 0
0 29 13 4
0 712 262 48
0 9 9 0
6 466 6 0
6 38 40 22
6 51 0 0
0 87 3 0
0 38 40 22
0 208 127 22
0 13 15 3
1 272 183 3
0 97 0 0
0 -1 19 7
0 66 62 31
0 17 10 0
0 48 42 16
0 48 42 16
0 50 10 0
0 46 44 3
0 7 6 0
0 60 39 0
0 78 47 0
0 9 9 0
1 29 13 4
1 5 0 0
1 218 0 0
4 9 9 0
0 120 54 12
0 120 54 12
0 -1 29 12
0 114 90 20
4 637 56 0
0 88 71 10
0 127 91 39
0 159 105 49
0 167 116 55
0 105 59 6
0 100 80 30
0 503 0 0
1 5 0 0
0 42 3 0
0 47 45 23
3 26 28 14
0 6 1 1
1 115 66 6
0 3 3 0
2 378 60 0
19 28 3 0
0 122 59 6
0 647 0 0
0 455 14 0
0 7 6 0
1 2 0 0
1 2 0 0
1 2 0 0
1 2 0 0
1 2 0 0
1 2 0 0
5 15 20 3
1 2 0 0
0 7 6 0
0 0 4 2
0 556 13 4
0 17 10 0
0 154 10 0
2 228 6 0
0 82 10 0
0 -1 29 12
0 4 8 0
1 152 0 0
0 -1 29 12
2 413 1 1
0 14 7 0
0 8 11 5
0 285 175 23
0 81 14 0
1 31 14 0
1 31 14 0
1 31 14 0
0 17 10 0
0 -1 25 0
0 87 3 0
0 3 3 0
0 6 1 1
1 81 14 0
0 417 34 0
0 4 8 0
0 50 10 0
0 48 42 16
0 478 9 0
2 12 17 9
0 4 8 0
1 105 59 6
0 3 3 0
0 1 2 0
0 135 93 30
0 211 107 6
6 495 237 17
0 21 0 0
1 5 0 0
1 5 0 0
0 55 49 28
0 55 49 28
3 -1 29 12
0 178 66 6
7 46 44 3
7 53 0 0
2 486 7 0
1 0 4 2
0 515 21 0
0 927 51 0
1 194 41 6
6 389 250 20
0 1 2 0
6 1 2 0
6 200 132 64
6 21 0 0
0 0 4 2
0 0 4 2
1 88 71 10
1 65 55 0
0 11 5 0
0 11 5 0
0 11 5 0
0 11 5 0
0 11 5 0
0 11 5 0
0 11 5 0
0 11 5 0
0 11 5 0
0 11 5 0
0 11 5 0
0 11 5 0
0 11 5 0
0 11 5 0
0 11 5 0
0 11 5 0
0 11 5 0
0 36 2 0
0 1 2 0
1 218 0 0
0 457 86 0
0 45 0 0
0 15 20 3
0 14 7 0
0 4 8 0
0 28 3 0
1 88 71 10
0 224 138 65
0 7 6 0
0 14 7 0
2 61 33 0
0 305 31 0
0 -1 0 0
13 13 15 3
0 4 8 0
0 68 61 29
0 157 108 48
0 26 28 14
0 26 28 14
0 26 28 14
0 26 28 14
0 26 28 14
0 26 28 14
0 45 0 0
0 920 12 0
0 50 10 0
2 115 66 6
6 742 21 0
6 26 28 14
6 65 55 0
0 7 6 0
0 277 53 0
0 29 13 4
0 21 0 0
0 17 10 0
0 14 7 0
0 20 26 15
1 5 0 0
0 17 10 0
0 38 40 22
0 72 0 0
0 4 8 0
0 537 21 0
0 3 3 0
0 24 21 0
1 77 69 26
0 98 79 11
0 17 10 0
1 93 34 0
0 150 103 11
0 19 18 0
0 51 0 0
1 129 41 6
1 118 13 4
0 449 225 11
0 27 32 11
1 46 44 3
0 43 19 7
0 219 148 20
0 7 6 0
3 37 35 19
0 52 23 0
0 56 0 0
0 220 0 0
2 285 175 23
0 68 61 29
0 94 77 40
2 77 69 26
0 526 25 0
1 5 0 0
0 50 10 0
0 367 157 4
1 5 0 0
1 5 0 0
0 6 1 1
0 127 91 39
0 215 141 70
0 15 20 3
0 114 90 20
0 64 1 1
2 135 93 30
0 8 11 5
2 132 13 4
0 67 1 1
0 49 46 25
1 14 7 0
0 8 11 5
0 42 3 0
0 351 51 0
0 76 67 32
0 -1 29 12
0 26 28 14
1 5 0 0
0 100 80 30
0 52 23 0
0 1 2 0
0 9 9 0
0 419 216 90
0 154 10 0
0 21 0 0
6 384 206 87
6 14 7 0
0 74 12 0
0 728 23 0
0 36 2 0
1 13 15 3
0 0 4 2
0 489 14 0
0 17 10 0
1 5 0 0
7 89 73 38
0 0 4 2
0 229 18 0
0 63 57 20
0 268 21 0
0 84 54 12
0 4 8 0
0 7 6 0
0 97 0 0
0 14 7 0
0 -1 19 7
0 39 5 0
0 36 2 0
0 30 36 17
1 10 2 0
1 45 0 0
1 45 0 0
1 45 0 0
1 10 2 0
0 85 9 0
2 48 42 16
2 1016 366 34
0 6 1 1
8 50 10 0
0 365 101 0
1 2 0 0
0 23 27 13
0 53 0 0
0 123 3 0
0 51 0 0
1 5 0 0
0 76 67 32
0 30 36 17
1 5 0 0
17 407 210 20
2 814 320 88
0 503 0 0
0 33 38 8
1 54 48 27
0 4 8 0
0 158 23 0
0 131 82 0
0 1041 369 69
0 622 142 0
4 3 3 0
0 13 15 3
0 13 15 3
0 21 0 0
1 134 13 4
1 32 37 0
0 96 34 0
1 5 0 0
0 60 39 0
0 32 37 0
0 60 39 0
1 56 0 0
0 12 17 9
2 17 10 0
0 28 3 0
0 17 10 0
0 11 5 0
0 93 34 0
0 90 72 26
2 21 0 0
0 440 58 0
3 540 5 0
0 79 8 0
0 890 81 0
0 43 19 7
0 17 10 0
0 826 323 127
0 65 55 0
0 1 2 0
0 401 14 0
0 9 9 0
0 128 70 4
0 6 13 4
0 59 3 0
0 1 2 0
0 1 2 0
2 320 1 1
0 21 0 0
0 87 3 0
0 205 53 0
1 5 0 0
0 51 0 0
0 51 0 0
0 44 43 24
0 201 47 0
7 527 23 0
0 81 14 0
0 237 154 76
1 5 0 0
1 10 2 0
1 10 2 0
1 10 2 0
1 10 2 0
1 10 2 0
1 10 2 0
1 10 2 0
1 10 2 0
0 206 104 4
0 97 0 0
0 3 3 0
0 124 12 0
0 19 18 0
0 50 10 0
0 50 10 0
1 5 0 0
4 1029 63 8
0 -1 78 35
0 697 0 0
1 431 178 21
0 324 0 0
0 74 12 0
0 171 5 0
2 25 30 18
0 19 18 0
1 5 0 0
0 27 32 11
1 401 14 0
0 863 300 34
2 295 9 0
0 6 1 1
0 108 1 1
0 4 8 0
0 1033 370 41
0 147 100 6
0 13 15 3
2 17 10 0
0 612 274 134
1 32 37 0
1 5 0 0
0 151 110 20
0 177 65 0
0 182 64 0
1 54 48 27
2 16 16 0
0 979 58 0
0 -1 178 21
1 104 53 0
0 0 4 2
0 3 3 0
0 145 39 0
0 125 0 0
0 -1 0 0
0 107 14 0
0 85 9 0
0 -1 25 0
2 113 1 1
0 7 6 0
0 41 31 0
0 359 3 0
0 75 0 0
0 995 6 0
0 88 71 10
0 279 5 0
0 21 0 0
0 117 64 0
0 856 7 0
0 227 13 4
2 158 23 0
1 7 6 0
0 87 3 0
0 19 18 0
0 200 132 64
0 49 46 25
0 92 75 36
0 92 75 36
0 92 75 36
0 794 6 0
0 187 53 0
0 24 21 0
0 187 53 0
0 17 10 0
2 1006 7 0
0 28 3 0
2 87 3 0
0 1 2 0
0 131 82 0
0 0 4 2
0 3 3 0
1 11 5 0
1 2 0 0
1 2 0 0
1 2 0 0
1 2 0 0
1 2 0 0
1 2 0 0
0 66 62 31
0 134 86 0
1 5 0 0
0 25 30 18
0 6 1 1
1 5 0 0
0 6 1 1
0 4 8 0
8 322 9 0
8 322 9 0
0 944 9 0
3 90 72 26
9 99 85 42
2 63 57 20
2 63 57 20
0 74 12 0
1 28 3 0
0 242 0 0
0 42 3 0
0 1 2 0
0 7 6 0
1 554 12 0
0 12 17 9
0 -1 101 0
0 484 194 7
9 49 46 25
0 190 34 0
1 42 3 0
0 4 8 0
0 123 3 0
1 14 7 0
0 4 8 0
0 16 16 0
0 69 1 1
0 831 147 0
0 148 50 0
0 9 9 0
0 1 2 0
2 209 18 0
0 -1 7 0
0 50 10 0
2 53 0 0
1 5 0 0
0 39 5 0
0 24 21 0
0 74 12 0
0 28 3 0
0 -1 19 7
1 132 13 4
0 110 84 0
0 149 102 43
0 34 24 21
0 943 39 0
0 63 57 20
0 21 0 0
0 9 9 0
0 628 368 36
2 311 12 0
0 37 35 19
0 11 5 0
0 11 5 0
0 11 5 0
0 11 5 0
0 11 5 0
0 49 46 25
0 98 79 11
0 53 0 0
0 1 2 0
1 112 25 0
1 258 25 0
1 -1 25 0
1 243 121 0
0 9 9 0
0 42 3 0
0 371 12 0
0 195 33 0
0 11 5 0
0 222 6 0
0 16 16 0
0 52 23 0
0 419 216 90
7 103 56 0
0 122 59 6
1 272 183 3
1 22 1 1
2 418 0 0
0 424 133 6
0 424 133 6
0 41 31 0
0 65 55 0
1 18 22 10
1 18 22 10
1 18 22 10
1 18 22 10
1 18 22 10
1 18 22 10
1 18 22 10
1 18 22 10
1 18 22 10
1 18 22 10
1 18 22 10
1 18 22 10
1 18 22 10
1 18 22 10
1 18 22 10
1 18 22 10
1 18 22 10
2 87 3 0
0 173 65 0
0 12 17 9
0 79 16 0
1 134 13 4
0 49 46 25
0 49 46 25
0 49 46 25
0 49 46 25
0 15 20 3
0 7 6 0
0 387 189 84
1 324 0 0
0 7 6 0
0 9 9 0
1 907 0 0
0 187 53 0
1 3 3 0
2 819 322 113
0 60 39 0
0 61 33 0
0 32 37 0
0 818 8 0
0 9 9 0
1 2 0 0
1 2 0 0
1 2 0 0
1 2 0 0
0 9 9 0
1 2 0 0
0 98 79 11
0 16 16 0
2 96 34 0
0 188 126 34
1 67 1 1
0 66 62 31
1 2 0 0
1 2 0 0
1 2 0 0
1 2 0 0
0 29 13 4
0 36 2 0
1 5 0 0
0 -1 78 35
0 279 5 0
0 479 60 0
0 19 18 0
0 28 3 0
0 79 16 0
0 3 3 0
0 335 87 6
0 465 87 6
0 1065 12 0
0 1 2 0
0 63 57 20
0 350 174 9
0 178 66 6
0 52 23 0
3 37 35 19
0 1019 291 69
0 1 2 0
0 -1 5 0
0 40 1 1
0 13 15 3
0 4 8 0
0 4 8 0
0 7 6 0
0 113 60 0
19 880 9 0
0 306 3 0
0 23 27 13
1 9 9 0
0 198 0 0
0 21 0 0
2 293 168 46
0 91 74 33
0 20 26 15
0 97 0 0
0 147 100 6
0 37 35 19
0 148 50 0
0 349 7 0
0 42 3 0
0 198 0 0
0 81 14 0
0 102 51 0
0 224 138 65
0 224 138 65
0 -1 355 94
0 25 30 18
0 69 1 1
0 72 0 0
0 102 51 0
1 5 0 0
0 4 8 0
0 80 24 37
1 63 57 20
0 90 72 26
0 53 0 0
0 3 3 0
0 3 3 0
0 3 3 0
0 3 3 0
0 487 5 0
0 1 2 0
2 63 57 20
0 41 31 0
0 95 76 4
0 4 8 0
0 37 35 19
2 14 7 0
0 162 14 0
2 -1 7 0
0 12 17 9
0 343 25 0
0 12 17 9
0 123 3 0
0 497 3 0
0 9 9 0
0 24 21 0
0 1 2 0
0 354 193 91
0 798 315 94
2 70 41 6
0 180 35 19
1 21 0 0
0 97 0 0
0 725 3 0
0 265 167 0
1 74 12 0
1 74 12 0
1 101 33 0
0 181 123 16
0 61 33 0
0 412 33 0
1 201 16 0
2 85 9 0
1 28 3 0
0 559 2 0
0 3 3 0
0 408 39 0
0 232 0 0
4 38 40 22
0 66 62 31
0 343 25 0
0 386 207 83
0 386 207 83
0 386 207 83
0 309 5 0
1 849 157 4
0 23 27 13
0 27 32 11
0 48 42 16
2 657 39 0
0 -1 0 0
0 43 19 7
1 22 1 1
0 289 1 1
1 5 0 0
2 17 10 0
0 38 40 22
0 50 10 0
1 5 0 0
0 1 2 0
0 34 24 21
0 193 113 54
0 31 14 0
2 110 84 0
0 19 18 0
1 -1 19 7
0 95 76 4
0 394 51 0
0 4 8 0
0 72 0 0
1 36 2 0
0 24 21 0
1 129 41 6
0 53 0 0
0 52 23 0
0 205 53 0
1 17 10 0
1 9 9 0
1 428 0 0
1 5 0 0
0 73 63 8
0 150 103 11
0 409 12 0
0 948 0 0
0 3 3 0
0 15 20 3
0 435 1 1
0 1073 53 0
0 95 76 4
0 7 6 0
0 101 33 0
2 159 105 49
0 0 4 2
0 0 4 2
0 0 4 2
0 236 3 0
0 34 24 21
0 318 13 4
0 12 17 9
0 130 9 0
1 246 109 7
0 0 4 2
0 576 282 19
0 150 103 11
0 12 17 9
17 275 104 4
0 75 0 0
0 13 15 3
1 182 64 0
0 48 42 16
2 1012 359 9
0 204 135 56
0 630 16 0
0 182 64 0
0 120 54 12
0 693 7 0
2 65 55 0
1 113 1 1
0 12 17 9
0 12 17 9
0 12 17 9
0 12 17 9
0 12 17 9
0 12 17 9
0 12 17 9
0 39 5 0
0 114 90 20
0 9 9 0
0 504 12 0
0 3 3 0
2 49 46 25
0 102 51 0
0 885 5 0
0 114 90 20
0 333 2 0
0 133 23 0
0 193 113 54
0 193 113 54
0 193 113 54
0 193 113 54
0 186 23 0
0 50 10 0
0 102 51 0
0 126 89 41
0 273 172 13
1 6 1 1
0 13 15 3
0 116 88 44
0 131 82 0
0 531 248 34
0 65 55 0
5 113 60 0
0 177 65 0
0 406 58 0
1 5 0 0
0 41 31 0
0 270 10 0
0 1 2 0
0 793 64 0
0 78 47 0
0 19 18 0
0 491 6 0
0 1 2 0
0 225 144 59
1 534 18 0
0 421 25 0
2 574 47 0
0 50 10 0
1 4 8 0
0 31 14 0
0 45 0 0
0 7 6 0
0 72 0 0
0 6 1 1
0 49 46 25
0 51 0 0
1 93 34 0
0 15 20 3
0 177 65 0
2 29 13 4
1 6 1 1
0 9 9 0
0 9 9 0
0 124 12 0
0 565 25 0
0 -1 -1 112
5 7 6 0
0 26 28 14
0 26 28 14
0 26 28 14
0 9 9 0
0 17 10 0
0 102 51 0
0 106 58 0
0 362 1 1
1 216 13 4
0 75 0 0
1 191 25 0
0 65 55 0
0 8 11 5
0 1 2 0
0 171 5 0
0 -1 149 51
0 609 1 1
0 47 45 23
1 91 74 33
0 472 10 0
1 18 22 10
1 18 22 10
1 18 22 10
1 18 22 10
1 18 22 10
1 18 22 10
1 18 22 10
1 18 22 10
1 18 22 10
1 18 22 10
1 18 22 10
1 18 22 10
1 18 22 10
1 18 22 10
1 18 22 10
5 56 0 0
0 47 45 23
0 19 18 0
0 154 10 0
0 50 10 0
0 40 1 1
0 92 75 36
0 92 75 36
0 92 75 36
0 66 62 31
0 149 102 43
0 51 0 0
0 41 31 0
0 112 25 0
0 260 70 4
0 3 3 0
0 4 8 0
8 21 0 0
0 -1 29 12
0 -1 34 0
2 131 82 0
0 751 68 0
2 -1 112 1
1 108 1 1
0 135 93 30
0 216 13 4
0 583 268 36
0 399 222 14
0 53 0 0
7 0 4 2
7 0 4 2
0 241 0 0
0 69 1 1
0 61 33 0
0 -1 1 1
0 15 20 3
2 12 17 9
0 56 0 0
0 74 12 0
0 7 6 0
0 7 6 0
0 102 51 0
0 7 6 0
0 84 54 12
0 643 284 33
1 5 0 0
0 111 68 0
0 245 150 71
0 535 0 0
0 506 3 0
0 106 58 0
0 36 2 0
1 56 0 0
0 -1 9 0
9 142 7 0
0 32 37 0
0 78 47 0
0 0 4 2
0 209 18 0
0 28 3 0
11 46 44 3
0 46 44 3
0 1 2 0
0 91 74 33
1 5 0 0
0 128 70 4
0 862 70 4
0 165 0 0
0 91 74 33
0 91 74 33
0 176 124 3
0 61 33 0
0 36 2 0
0 135 93 30
1 0 4 2
0 -1 78 35
5 66 62 31
1 18 22 10
0 16 16 0
0 268 21 0
0 21 0 0
0 46 44 3
0 710 0 0
0 168 25 0
5 31 14 0
0 23 27 13
0 55 49 28
0 105 59 6
0 69 1 1
0 11 5 0
0 104 53 0
0 20 26 15
1 18 22 10
1 88 71 10
0 24 21 0
0 646 39 0
0 88 71 10
2 51 0 0
0 51 0 0
0 720 3 0
0 17 10 0
0 32 37 0
0 36 2 0
2 12 17 9
0 98 79 11
0 48 42 16
1 5 0 0
0 36 2 0
0 168 25 0
0 744 302 43
0 119 7 0
0 220 0 0
0 -1 1 1
7 72 0 0
0 29 13 4
0 95 76 4
0 29 13 4
0 3 3 0
1 29 13 4
0 205 53 0
0 3 3 0
0 87 3 0
0 37 35 19
0 0 4 2
0 -1 19 7
0 -1 19 7
0 434 130 7
1 118 13 4
0 51 0 0
0 25 30 18
0 538 13 4
0 39 5 0
7 -1 -1 0
0 51 0 0
1 21 0 0
0 32 37 0
2 161 111 46
0 171 5 0
0 1 2 0
0 148 50 0
0 0 4 2
0 7 6 0
0 470 3 0
0 4 8 0
0 123 3 0
0 6 1 1
1 50 10 0
0 444 223 43
0 33 38 8
0 33 38 8
0 33 38 8
0 33 38 8
0 33 38 8
0 45 0 0
0 1 2 0
0 291 130 7
0 595 12 0
0 60 39 0
0 0 4 2
0 0 4 2
0 0 4 2
0 16 16 0
0 668 12 0
0 425 34 0
5 537 21 0
0 19 18 0
0 120 54 12
0 51 0 0
0 7 6 0
0 33 38 8
0 20 26 15
0 84 54 12
0 32 37 0
0 151 110 20
0 13 15 3
0 16 16 0
0 16 16 0
0 496 7 0
0 -1 56 0
0 4 8 0
0 4 8 0
0 7 6 0
0 7 6 0
0 7 6 0
0 72 0 0
0 74 12 0
0 420 86 0
1 12 17 9
0 3 3 0
0 28 3 0
0 115 66 6
0 25 30 18
1 0 4 2
0 27 32 11
0 25 30 18
2 25 30 18
0 1 2 0
0 38 40 22
0 109 81 0
0 81 14 0
0 31 14 0
1 5 0 0
1 68 61 29
0 16 16 0
1 5 0 0
0 913 25 0
9 -1 2 0
0 31 14 0
0 80 24 37
1 40 1 1
1 5 0 0
0 52 23 0
0 45 0 0
0 27 32 11
8 181 123 16
0 0 4 2
0 3 3 0
1 5 0 0
0 40 1 1
0 109 33 0
0 0 4 2
1 2 0 0
1 2 0 0
1 2 0 0
1 2 0 0
1 2 0 0
1 2 0 0
3 44 43 24
0 461 6 0
0 51 0 0
0 1 2 0
0 51 0 0
0 431 178 21
0 17 10 0
0 282 7 0
0 245 150 71
0 49 46 25
0 975 358 0
0 49 46 25
0 525 7 0
0 -1 47 0
0 4 8 0
0 42 3 0
0 8 11 5
0 8 11 5
0 3 3 0
1 5 0 0
0 68 61 29
0 19 18 0
0 432 162 45
0 685 60 0
0 17 10 0
0 807 12 0
0 12 17 9
0 74 12 0
0 950 354 22
0 426 14 0
0 162 14 0
0 28 3 0
0 152 0 0
0 9 9 0
0 1 2 0
0 16 16 0
0 137 94 50
0 9 9 0
0 75 0 0
0 22 1 1
0 81 14 0
0 4 8 0
0 248 92 0
0 -1 7 0
0 423 192 72
0 75 0 0
0 75 0 0
0 268 21 0
0 17 10 0
5 414 13 4
0 218 0 0
0 34 24 21
0 34 24 21
0 34 24 21
0 34 24 21
4 9 9 0
0 536 86 0
0 49 46 25
0 4 8 0
0 112 25 0
2 58 52 8
0 23 27 13
2 20 26 15
0 75 0 0
0 12 17 9
0 33 38 8
0 561 14 0
0 216 13 4
0 774 0 0
0 562 70 4
2 44 43 24
0 9 9 0
2 6 1 1
0 99 85 42
0 14 7 0
2 402 10 0
0 141 5 0
4 20 26 15
0 27 32 11
0 8 11 5
0 107 14 0
0 261 8 0
0 156 50 0
1 579 266 90
0 38 40 22
0 -1 29 12
0 25 30 18
2 739 14 0
0 28 3 0
2 795 41 6
1 33 38 8
0 192 119 34
0 61 33 0
0 27 32 11
0 82 10 0
0 38 40 22
0 38 40 22
0 38 40 22
1 -1 19 7
0 181 123 16
1 2 0 0
2 984 112 1
0 12 17 9
0 71 1 1
0 67 1 1
0 0 4 2
0 0 4 2
0 938 23 0
2 55 49 28
0 951 287 65
2 25 30 18
0 31 14 0
0 50 10 0
0 65 55 0
0 7 6 0
1 18 22 10
0 58 52 8
0 36 2 0
2 156 50 0
0 623 6 0
0 4 8 0
0 0 4 2
0 75 0 0
0 536 86 0
0 202 2 0
0 108 33 0
0 430 33 0
0 27 32 11
1 454 12 0
0 1 2 0
1 16 16 0
0 45 0 0
0 4 8 0
0 -1 101 0
0 448 224 109
2 6 1 1
1 29 13 4
0 55 49 28
0 58 52 8
0 41 31 0
0 43 19 7
12 205 14 0
0 11 5 0
1 5 0 0
0 0 4 2
0 0 4 2
0 17 10 0
0 4 8 0
0 4 8 0
0 61 33 0
0 0 4 2
2 95 76 4
0 27 32 11
0 23 27 13
0 44 43 24
0 47 45 23
0 203 134 68
0 15 20 3
0 15 20 3
0 9 9 0
0 50 10 0
0 1 2 0
0 131 82 0
0 34 24 21
0 25 30 18
0 715 5 0
0 112 25 0
0 112 25 0
0 23 27 13
0 50 10 0
0 914 14 0
0 28 3 0
0 16 16 0
1 42 3 0
1 313 13 4
0 34 24 21
0 293 168 46
0 44 43 24
0 34 24 21
0 34 24 21
0 34 24 21
0 34 24 21
0 32 37 0
0 32 37 0
0 514 5 0
0 32 37 0
0 77 69 26
0 14 7 0
0 15 20 3
2 886 335 62
0 1 2 0
0 26 28 14
0 70 41 6
0 1 2 0
0 -1 5 0
0 47 45 23
1 5 0 0
0 3 3 0
12 61 33 0
0 85 9 0
0 92 75 36
0 1 2 0
0 7 6 0
0 319 185 49
0 87 3 0
0 1 2 0
0 121 14 0
0 25 30 18
0 169 117 57
0 8 11 5
0 235 122 0
4 5 0 0
1 24 21 0
0 963 86 0
0 25 30 18
0 1 2 0
0 46 44 3
0 15 20 3
0 122 59 6
0 64 1 1
0 25 30 18
1 -1 19 7
4 46 44 3
1 -1 19 7
0 94 77 40
0 -1 39 0
0 66 62 31
0 255 87 6
1 70 41 6
1 70 41 6
1 70 41 6
1 70 41 6
1 70 41 6
0 334 21 0
0 51 0 0
1 48 42 16
8 1062 0 0
0 58 52 8
0 12 17 9
0 58 52 8
2 567 9 0
0 6 1 1
0 133 23 0
0 14 7 0
2 50 10 0
0 4 8 0
2 6 1 1
2 222 6 0
0 136 97 47
0 1 2 0
1 25 30 18
0 33 38 8
0 131 82 0
0 1 2 0
0 28 3 0
10 20 26 15
16 22 1 1
0 34 24 21
0 43 19 7
0 445 258 19
0 -1 283 7
0 51 0 0
20 6 1 1
0 254 136 7
4 -1 19 7
5 42 3 0
0 552 257 101
0 264 145 9
0 59 3 0
0 59 3 0
0 59 3 0
0 59 3 0
0 59 3 0
0 59 3 0
0 59 3 0
0 59 3 0
0 59 3 0
0 59 3 0
0 59 3 0
0 59 3 0
0 59 3 0
0 59 3 0
0 59 3 0
0 59 3 0
0 59 3 0
1 500 107 6
1 500 107 6
1 5 0 0
0 59 3 0
2 296 10 0
0 23 27 13
0 31 14 0
0 1 2 0
1 62 0 0
1 40 25 0
1 79 8 0
0 652 5 0
0 810 6 0
0 7 6 0
0 1 2 0
0 519 66 6
0 0 4 2
0 299 179 82
0 123 3 0
2 33 38 8
0 28 3 0
0 58 52 8
1 2 0 0
0 102 51 0
0 0 4 2
5 1 2 0
1 5 0 0
2 6 1 1
1 38 40 22
5 32 37 0
3 26 28 14
0 145 39 0
0 -1 1 1
0 926 12 0
0 791 313 132
0 116 88 44
0 116 88 44
0 42 3 0
1 80 24 37
0 986 39 0
0 11 5 0
0 66 62 31
0 -1 19 7
2 -1 19 7
0 43 19 7
5 136 97 47
0 23 27 13
0 37 35 19
1 5 0 0
3 20 26 15
2 6 1 1
2 253 56 0
0 24 21 0
2 56 0 0
0 4 8 0
0 12 17 9
0 157 108 48
0 48 42 16
18 99 85 42
0 73 63 8
0 3 3 0
1 -1 19 7
0 150 103 11
0 0 4 2
0 764 303 29
0 140 31 0
0 337 3 0
0 76 67 32
4 210 140 58
0 58 52 8
5 -1 19 7
0 12 17 9
0 32 37 0
0 16 16 0
0 11 5 0
0 17 10 0
0 1 2 0
1 29 13 4
0 395 34 0
0 51 0 0
0 142 7 0
1 2 0 0
1 2 0 0
0 54 48 27
1 2 0 0
1 2 0 0
1 2 0 0
1 2 0 0
1 251 82 0
0 7 6 0
0 7 6 0
0 31 14 0
0 1059 51 0
2 6 1 1
0 -1 6 0
0 3 3 0
0 152 0 0
0 141 5 0
17 23 27 13
0 -1 29 12
0 67 1 1
11 13 15 3
0 60 39 0
1 488 3 0
0 183 5 0
0 64 1 1
0 97 0 0
0 243 121 0
0 284 60 0
0 38 40 22
0 26 28 14
0 98 79 11
0 19 18 0
0 20 26 15
0 64 1 1
0 65 55 0
0 16 16 0
0 33 38 8
0 33 38 8
0 960 317 8
0 295 9 0
0 122 59 6
0 14 7 0
0 690 7 0
0 3 3 0
0 49 46 25
1 85 9 0
0 263 165 78
0 0 4 2
0 0 4 2
0 0 4 2
0 0 4 2
0 0 4 2
0 14 7 0
0 14 7 0
0 52 23 0
0 7 6 0
0 52 23 0
0 0 4 2
0 291 130 7
0 594 14 0
0 978 1 1
1 55 49 28
1 5 0 0
0 51 0 0
0 117 64 0
1 29 13 4
1 38 40 22
0 28 3 0
0 1 2 0
0 0 4 2
0 0 4 2
1 5 0 0
0 50 10 0
0 6 1 1
0 6 1 1
1 122 59 6
0 33 38 8
0 3 3 0
2 14 7 0
0 168 25 0
8 133 23 0
0 24 21 0
0 130 9 0
1 5 0 0
1 53 0 0
4 96 34 0
0 1 2 0
0 198 0 0
0 28 3 0
0 114 90 20
3 23 27 13
0 23 27 13
4 531 248 34
2 345 13 4
0 21 0 0
0 56 0 0
1 3 3 0
5 9 9 0
1 21 0 0
0 3 3 0
8 101 33 0
0 34 24 21
0 -1 6 0
1 5 0 0
1 2 0 0
1 2 0 0
1 2 0 0
1 2 0 0
1 2 0 0
1 2 0 0
0 370 186 85
0 754 7 0
0 70 41 6
26 62 0 0
0 16 16 0
0 16 16 0
2 21 0 0
0 115 66 6
1 5 0 0
0 169 117 57
2 -1 19 7
0 551 41 6
0 551 41 6
0 446 86 0
0 -1 19 7
0 229 18 0
0 1 2 0
1 391 6 0
0 0 4 2
0 4 8 0
0 21 0 0
2 131 82 0
0 157 108 48
0 328 65 0
0 126 89 41
0 238 151 39
0 1 2 0
0 58 52 8
0 0 4 2
0 50 10 0
0 1 2 0
0 409 9 0
2 505 259 98
0 24 21 0
0 52 23 0
0 7 6 0
2 161 111 46
1 10 2 0
0 44 43 24
0 4 8 0
1 29 13 4
0 639 10 0
0 39 5 0
1 0 4 2
0 4 8 0
0 1077 25 0
0 11 5 0
5 119 7 0
1 5 0 0
0 6 1 1
0 7 6 0
0 123 3 0
0 492 21 0
0 122 59 6
0 316 34 0
2 221 0 0
0 684 0 0
1 705 127 22
1 29 13 4
0 160 50 0
0 65 55 0
0 3 3 0
1 3 3 0
0 21 0 0
0 1 2 0
0 21 0 0
0 107 14 0
1 76 67 32
0 1 2 0
0 1 2 0
0 82 10 0
11 4 8 0
11 4 8 0
1 118 13 4
0 127 91 39
4 210 140 58
0 309 5 0
0 103 56 0
0 51 0 0
0 95 76 4
0 47 45 23
0 47 45 23
5 60 39 0
1 74 12 0
0 -1 29 12
0 77 69 26
0 77 69 26
0 26 28 14
0 15 20 3
0 46 44 3
0 24 21 0
0 -1 25 0
0 56 0 0
0 1 2 0
0 -1 29 12
0 -1 29 12
0 47 45 23
0 31 14 0
0 3 3 0
0 147 100 6
0 17 10 0
0 19 18 0
0 160 50 0
0 25 30 18
0 33 38 8
16 22 1 1
0 32 37 0
0 174 120 63
0 174 120 63
0 174 120 63
0 52 23 0
0 534 18 0
0 20 26 15
0 68 61 29
4 23 27 13
0 9 9 0
0 237 154 76
0 161 111 46
0 320 1 1
0 4 8 0
0 491 6 0
0 558 226 105
0 155 83 0
1 186 23 0
0 85 9 0
0 1022 0 0
0 47 45 23
0 3 3 0
0 611 5 0
0 329 6 0
0 86 12 0
2 37 35 19
12 17 10 0
0 1 2 0
0 148 50 0
0 138 39 0
0 3 3 0
0 1 2 0
0 31 14 0
0 7 6 0
1 889 107 6
2 131 82 0
0 9 9 0
0 64 1 1
0 1 2 0
0 130 9 0
5 16 16 0
0 26 28 14
0 746 66 6
0 26 28 14
0 26 28 14
0 26 28 14
0 319 185 49
0 211 107 6
0 22 1 1
0 119 7 0
0 -1 29 12
0 116 88 44
11 15 20 3
4 157 108 48
0 23 27 13
1 93 34 0
0 174 120 63
0 0 4 2
1 203 134 68
0 85 9 0
0 -1 7 0
1 -1 3 0
0 302 12 0
17 391 6 0
0 379 200 2
0 107 14 0
1 21 0 0
0 446 86 0
27 125 0 0
0 1 2 0
0 374 2 0
0 75 0 0
0 4 8 0
0 75 0 0
0 90 72 26
0 4 8 0
0 4 8 0
0 1056 51 0
2 296 10 0
0 19 18 0
0 556 13 4
0 120 54 12
0 555 23 0
0 74 12 0
2 513 243 79
0 42 3 0
25 371 12 0
2 119 7 0
2 119 7 0
0 43 19 7
0 14 7 0
0 -1 23 0
2 27 32 11
0 99 14 0
0 0 4 2
0 882 58 0
4 36 2 0
0 129 41 6
0 129 41 6
0 7 6 0
0 0 4 2
0 0 4 2
0 0 4 2
0 0 4 2
0 48 42 16
0 46 44 3
0 15 20 3
0 15 20 3
0 15 20 3
0 234 164 35
0 143 96 52
0 202 2 0
0 15 20 3
0 176 124 3
0 13 15 3
0 13 15 3
0 114 90 20
1 182 64 0
0 77 69 26
0 1 2 0
0 70 41 6
2 42 3 0
0 1 2 0
0 952 263 137
0 52 23 0
0 195 33 0
0 41 31 0
0 1024 128 7
0 87 3 0
0 41 31 0
0 166 115 61
0 848 281 96
0 206 104 4
0 120 54 12
0 50 10 0
0 -1 19 7
0 527 53 0
0 -1 19 7
0 12 17 9
0 12 17 9
0 12 17 9
0 12 17 9
0 12 17 9
0 12 17 9
0 12 17 9
0 84 54 12
0 52 23 0
0 9 9 0
0 11 5 0
0 7 6 0
2 44 43 24
0 281 34 0
0 15 20 3
0 15 20 3
0 13 15 3
1 26 28 14
0 16 16 0
0 36 2 0
1 -1 6 0
0 25 30 18
0 12 17 9
0 407 210 20
0 1 2 0
0 7 6 0
0 14 7 0
0 1 2 0
2 564 260 24
13 580 293 23
0 6 1 1
0 41 31 0
0 34 24 21
0 34 24 21
0 34 24 21
0 34 24 21
0 501 83 0
2 6 1 1
1 102 51 0
26 62 0 0
0 111 68 0
0 0 4 2
0 0 4 2
2 177 65 0
0 1 2 0
0 792 23 0
0 304 14 0
0 101 33 0
0 -1 0 0
0 31 14 0
0 385 128 72
0 11 5 0
0 28 3 0
1 2 0 0
1 2 0 0
1 2 0 0
1 2 0 0
1 2 0 0
0 233 153 29
1 2 0 0
1 2 0 0
1 2 0 0
1 2 0 0
1 2 0 0
1 2 0 0
0 43 19 7
3 89 73 38
0 86 12 0
0 67 1 1
0 139 2 0
1 332 112 1
3 89 73 38
0 58 52 8
0 38 40 22
0 103 56 0
0 4 8 0
0 61 33 0
0 32 37 0
0 4 8 0
0 7 6 0
0 773 12 0
0 1081 12 0
0 194 41 6
0 23 27 13
0 214 143 66
0 155 83 0
0 9 9 0
1 139 13 4
0 37 35 19
0 37 35 19
0 37 35 19
0 -1 1 1
0 94 77 40
0 94 77 40
0 136 97 47
0 15 20 3
0 49 46 25
0 27 32 11
0 16 16 0
0 15 20 3
0 13 15 3
2 161 111 46
2 67 1 1
0 6 1 1
0 50 10 0
0 783 55 0
0 -1 9 0
1 192 119 34
1 192 119 34
1 192 119 34
1 192 119 34
1 192 119 34
0 17 10 0
0 46 44 3
1 118 13 4
0 -1 7 0
0 24 21 0
4 -1 247 108
0 708 23 0
0 89 73 38
4 49 46 25
0 174 120 63
4 9 9 0
0 4 8 0
0 51 0 0
0 91 74 33
0 8 11 5
0 84 54 12
0 126 89 41
0 123 3 0
0 4 8 0
0 290 3 0
0 212 78 35
0 1 2 0
1 81 14 0
0 -1 3 0
0 665 0 0
2 6 13 4
0 286 166 81
0 286 166 81
0 44 43 24
0 0 4 2
0 0 4 2
0 0 4 2
0 51 0 0
0 -1 29 12
0 116 88 44
0 749 61 29
0 20 26 15
8 96 34 0
0 61 33 0
0 34 24 21
0 34 24 21
0 3 3 0
1 5 0 0
0 86 12 0
0 64 1 1
0 230 6 0
0 41 31 0
1 873 109 7
0 493 182 6
0 137 94 50
1 195 33 0
0 66 62 31
0 8 11 5
0 8 11 5
0 8 11 5
0 8 11 5
0 25 30 18
2 72 160 73
0 8 11 5
0 7 6 0
0 32 37 0
0 41 31 0
0 20 26 15
0 44 43 24
0 44 43 24
2 147 100 6
9 99 85 42
0 9 9 0
5 65 55 0
0 759 5 0
0 41 31 0
0 6 1 1
1 23 27 13
1 5 0 0
2 -1 25 0
0 42 3 0
1 105 59 6
2 44 43 24
13 77 69 26
0 44 43 24
0 44 43 24
5 44 43 24
0 44 43 24
0 44 43 24
0 44 43 24
0 368 197 86
0 25 30 18
0 197 129 33
1 755 87 6
2 100 80 30
0 355 128 7
4 5 0 0
0 9 9 0
0 0 4 2
0 1051 39 0
0 649 147 0
1 67 1 1
0 883 362 128
0 25 30 18
0 -1 308 21
0 256 155 7
0 38 40 22
0 87 3 0
2 786 87 6
1 18 22 10
1 18 22 10
1 18 22 10
1 18 22 10
1 18 22 10
1 18 22 10
1 18 22 10
1 18 22 10
1 18 22 10
1 18 22 10
1 18 22 10
1 18 22 10
1 18 22 10
1 18 22 10
1 18 22 10
1 18 22 10
1 18 22 10
1 18 22 10
0 442 10 0
1 14 7 0
11 210 140 58
0 752 9 0
24 142 7 0
0 13 15 3
0 781 307 30
1 5 0 0
1 5 0 0
0 98 79 11
0 65 55 0
1 91 74 33
1 2 0 0
0 19 18 0
0 43 19 7
9 -1 2 0
0 16 16 0
0 43 19 7
0 38 40 22
1 39 5 0
0 13 15 3
0 13 15 3
0 179 15 3
0 179 15 3
0 15 20 3
0 15 20 3
0 99 85 42
0 571 3 0
0 60 39 0
0 54 48 27
0 140 31 0
0 -1 7 0
0 13 15 3
2 733 1 1
1 16 16 0
0 21 0 0
0 1 2 0
0 606 264 7
0 91 74 33
1 218 10 0
2 32 37 0
0 9 9 0
0 6 1 1
1 1 2 0
0 74 12 0
1 85 9 0
0 122 59 6
1 10 2 0
0 629 14 0
1 1058 34 0
0 553 233 88
1 64 1 1
0 28 3 0
0 130 9 0
0 437 5 0
1 5 0 0
0 81 14 0
3 8 11 5
2 7 6 0
0 163 5 0
0 74 12 0
0 481 33 0
0 74 12 0
0 61 33 0
0 299 179 82
0 6 1 1
0 6 1 1
1 5 0 0
1 568 3 0
2 115 66 6
0 14 7 0
1 2 0 0
0 24 21 0
2 99 85 42
2 130 9 0
0 480 229 7
0 48 42 16
0 87 3 0
4 3 3 0
0 39 5 0
1 60 39 0
0 32 37 0
0 25 30 18
0 34 24 21
2 54 48 27
5 85 9 0
0 9 9 0
0 52 23 0
0 98 79 11
0 509 12 0
0 0 4 2
0 1 2 0
0 14 7 0
8 206 104 4
1 183 5 0
0 1 2 0
4 14 7 0
0 0 4 2
0 850 351 66
0 15 20 3
2 51 0 0
0 -1 0 0
0 9 9 0
0 -1 0 0
0 0 4 2
5 163 5 0
20 6 1 1
0 67 1 1
1 54 48 27
1 54 48 27
1 10 2 0
1 45 0 0
1 10 2 0
1 45 0 0
1 54 48 27
1 10 2 0
1 5 0 0
0 1 2 0
0 24 21 0
0 31 14 0
0 32 37 0
0 17 10 0
0 32 37 0
0 31 14 0
1 29 13 4
1 2 0 0
1 2 0 0
1 2 0 0
1 2 0 0
1 414 13 4
4 44 43 24
1 24 21 0
0 109 33 0
1 2 0 0
1 2 0 0
1 2 0 0
1 2 0 0
1 2 0 0
1 2 0 0
0 341 25 0
0 21 0 0
0 4 8 0
0 68 61 29
0 233 153 29
0 68 61 29
0 233 153 29
0 68 61 29
0 68 61 29
0 233 153 29
0 68 61 29
0 233 153 29
0 9 9 0
0 6 1 1
0 50 10 0
0 27 32 11
0 55 49 28
0 211 107 6
1 5 0 0
0 6 1 1
1 5 0 0
5 28 3 0
2 105 59 6
0 102 51 0
0 41 31 0
0 80 24 37
4 9 9 0
0 9 9 0
0 87 3 0
0 198 0 0
0 38 40 22
1 5 0 0
0 28 3 0
0 31 14 0
0 11 5 0
0 63 57 20
0 283 158 4
0 9 9 0
0 130 9 0
0 1 2 0
1 625 1 1
0 11 5 0
1 2 0 0
1 2 0 0
1 2 0 0
1 2 0 0
1 2 0 0
1 316 34 0
0 117 64 0
0 1 2 0
0 304 14 0
0 7 6 0
0 13 15 3
0 13 15 3
0 13 15 3
0 13 15 3
0 16 16 0
1 268 21 0
0 52 23 0
0 149 102 43
0 84 54 12
0 15 20 3
0 11 5 0
5 176 124 3
0 -1 29 12
0 36 2 0
9 49 46 25
4 153 106 3
0 15 20 3
0 15 20 3
0 179 15 3
0 15 20 3
0 13 15 3
1 118 13 4
0 123 3 0
0 226 0 0
0 -1 25 0
0 13 15 3
0 8 11 5
0 259 3 0
0 -1 78 35
0 28 3 0
0 54 48 27
0 48 42 16
1 85 9 0
0 21 0 0
0 144 5 0
1 -1 7 0
0 14 7 0
1 -1 321 7
1 54 48 27
4 134 13 4
2 48 42 16
2 830 3 0
0 0 4 2
1 5 0 0
0 472 10 0
0 113 25 0
1 2 0 0
1 2 0 0
1 2 0 0
1 2 0 0
1 2 0 0
1 2 0 0
0 146 99 53
0 16 16 0
1 5 0 0
0 514 5 0
2 860 136 7
0 853 34 0
0 0 4 2
0 17 10 0
0 511 10 0
11 23 27 13
2 16 16 0
0 4 8 0
0 4 8 0
0 93 34 0
0 4 8 0
1 43 19 7
0 44 43 24
7 49 46 25
0 68 61 29
1 312 109 7
0 31 14 0
1 392 242 7
0 1 2 0
0 1 2 0
0 1 2 0
0 1 2 0
1 54 48 27
0 6 1 1
1 84 54 12
1 258 25 0
0 103 56 0
0 377 201 92
1 -1 19 7
1 -1 19 7
1 -1 19 7
1 -1 19 7
1 -1 19 7
0 42 3 0
0 4 8 0
0 66 62 31
0 23 27 13
18 81 14 0
0 767 9 0
4 900 159 16
0 47 45 23
0 139 13 4
0 -1 15 3
0 69 1 1
0 69 1 1
0 287 95 75
0 372 188 14
0 111 68 0
0 118 13 4
0 46 44 3
0 13 15 3
0 1066 1 1
0 7 6 0
0 36 2 0
0 36 2 0
1 42 3 0
0 251 82 0
7 23 27 13
7 23 27 13
7 23 27 13
0 3 3 0
0 284 60 0
0 107 14 0
0 52 23 0
0 1 2 0
0 0 4 2
0 1 2 0
0 -1 7 0
5 -1 19 7
8 -1 0 0
0 77 69 26
2 974 328 121
0 35 56 0
1 32 37 0
0 0 4 2
0 15 20 3
0 46 44 3
0 13 15 3
0 19 18 0
23 105 59 6
1 5 0 0
1 5 0 0
1 365 6 0
1 -1 9 0
0 1054 7 0
1 106 58 0
5 19 18 0
2 53 0 0
0 6 1 1
0 81 14 0
0 9 9 0
0 16 16 0
0 60 39 0
0 7 6 0
0 16 16 0
0 174 120 63
0 1 2 0
0 11 5 0
0 111 68 0
0 182 64 0
0 9 9 0
1 39 5 0
1 5 0 0
0 37 35 19
0 25 30 18
0 105 59 6
1 342 196 6
1 10 2 0
1 10 2 0
1 10 2 0
1 10 2 0
1 342 196 6
1 10 2 0
1 10 2 0
1 10 2 0
1 10 2 0
1 10 2 0
1 10 2 0
0 29 13 4
0 48 42 16
0 48 42 16
0 364 23 0
0 854 34 0
0 4 8 0
1 382 0 0
1 2 0 0
0 89 73 38
0 89 73 38
0 236 3 0
2 573 86 0
1 112 25 0
0 106 58 0
0 3 3 0
0 72 0 0
2 425 34 0
0 9 9 0
0 9 9 0
0 309 5 0
1 5 0 0
0 3 3 0
1 57 0 0
0 373 199 69
0 66 62 31
4 134 13 4
0 87 3 0
0 38 40 22
0 38 40 22
0 38 40 22
0 38 40 22
0 66 62 31
0 48 42 16
0 38 40 22
5 117 64 0
0 -1 25 0
1 5 0 0
2 6 1 1
0 71 1 1
0 78 47 0
0 186 23 0
0 9 9 0
1 52 23 0
1 5 0 0
0 192 119 34
0 0 4 2
1 53 0 0
0 34 24 21
0 155 83 0
0 0 4 2
0 38 40 22
0 84 54 12
0 79 16 0
0 4 8 0
0 0 4 2
0 87 3 0
0 15 20 3
0 13 15 3
4 5 0 0
0 9 9 0
0 277 53 0
0 14 7 0
0 0 4 2
1 26 28 14
0 42 3 0
1 5 0 0
0 16 16 0
2 96 34 0
0 42 3 0
0 348 8 0
0 7 6 0
0 128 70 4
7 676 316 34
0 7 6 0
0 3 3 0
1 5 0 0
1 557 34 0
2 55 49 28
0 845 13 4
0 17 10 0
0 7 6 0
1 57 0 0
1 57 0 0
1 14 7 0
1 57 0 0
1 14 7 0
1 57 0 0
1 14 7 0
13 78 47 0
0 -1 6 0
0 208 127 22
0 6 1 1
0 6 1 1
0 67 1 1
0 45 0 0
0 343 25 0
5 230 6 0
0 25 30 18
0 25 30 18
0 528 0 0
0 1 2 0
0 512 245 13
2 21 0 0
0 48 42 16
0 275 104 4
0 3 3 0
0 9 9 0
0 65 55 0
0 125 0 0
1 42 3 0
1 132 13 4
0 38 40 22
0 499 68 0
0 197 129 33
0 151 110 20
1 159 105 49
0 38 40 22
0 0 4 2
2 133 23 0
0 290 3 0
0 0 4 2
0 0 4 2
0 0 4 2
0 0 4 2
0 0 4 2
0 0 4 2
0 0 4 2
0 0 4 2
0 7 6 0
0 201 47 0
0 14 7 0
1 43 19 7
0 604 41 6
1 28 3 0
0 109 81 0
0 189 3 0
0 45 0 0
0 31 14 0
0 7 6 0
1 28 3 0
0 362 84 0
0 145 39 0
0 114 90 20
0 158 23 0
4 36 2 0
0 302 12 0
0 78 47 0
0 -1 1 1
2 41 31 0
0 -1 3 0
1 54 48 27
0 34 24 21
0 31 14 0
0 28 3 0
0 15 20 3
1 5 0 0
0 303 6 0
0 1008 251 11
0 27 32 11
0 176 124 3
0 43 19 7
1 0 4 2
0 0 4 2
0 0 4 2
0 0 4 2
0 0 4 2
0 174 120 63
0 987 58 0
0 0 4 2
0 376 162 45
2 6 1 1
0 543 31 0
0 0 4 2
0 64 1 1
0 28 3 0
0 421 25 0
0 104 142 0
0 16 16 0
0 3 3 0
0 656 8 0
2 375 23 0
2 158 23 0
0 7 6 0
2 699 14 0
0 -1 29 12
0 -1 29 12
0 14 7 0
0 1 2 0
5 79 16 0
1 5 0 0
0 22 1 1
0 22 1 1
0 -1 29 12
0 -1 29 12
1 5 0 0
0 27 32 11
0 81 14 0
0 727 8 0
0 -1 130 7
23 105 59 6
0 169 117 57
1 122 59 6
0 81 14 0
9 49 46 25
9 49 46 25
0 1 2 0
0 45 0 0
0 -1 177 14
5 24 21 0
7 23 27 13
0 26 28 14
0 379 200 2
0 14 7 0
0 1 2 0
0 24 21 0
0 13 15 3
0 4 8 0
0 29 13 4
0 959 177 14
0 24 21 0
0 24 21 0
0 33 38 8
1 87 3 0
0 6 1 1
0 26 28 14
0 1 2 0
1 10 2 0
1 10 2 0
1 10 2 0
1 10 2 0
1 10 2 0
1 10 2 0
1 10 2 0
1 10 2 0
1 10 2 0
1 10 2 0
2 745 5 0
0 4 8 0
1 19 18 0
1 54 48 27
0 44 43 24
0 53 0 0
24 -1 2 0
4 36 2 0
2 32 37 0
0 229 18 0
1 0 4 2
9 49 46 25
0 46 44 3
0 16 16 0
0 34 24 21
0 45 0 0
0 9 9 0
0 110 84 0
0 1 2 0
0 9 9 0
2 91 74 33
0 52 23 0
3 69 1 1
0 30 36 17
0 44 43 24
0 157 108 48
0 1 2 0
1 544 253 13
0 0 4 2
3 12 17 9
0 197 129 33
2 3 3 0
0 1 2 0
0 50 10 0
2 481 33 0
0 9 9 0
0 934 0 0
1 5 0 0
0 57 0 0
0 24 21 0
0 51 0 0
0 127 91 39
0 238 151 39
0 238 151 39
0 138 98 6
2 264 145 9
0 -1 19 7
0 69 1 1
2 3 3 0
1 44 43 24
0 15 20 3
1 508 241 95
1 2 0 0
1 2 0 0
1 2 0 0
1 2 0 0
1 2 0 0
1 2 0 0
0 46 44 3
0 29 13 4
0 56 0 0
0 42 3 0
0 -1 149 51
0 44 43 24
9 142 7 0
0 953 25 0
1 118 13 4
1 25 30 18
2 6 13 4
0 155 83 0
1 16 16 0
0 -1 0 0
0 43 19 7
0 19 18 0
4 311 12 0
1 5 0 0
0 1 2 0
0 274 9 0
0 7 6 0
0 3 3 0
1 353 9 0
0 65 55 0
1 265 167 0
2 65 55 0
0 803 376 0
0 6 1 1
0 79 16 0
0 115 66 6
2 6 1 1
1 5 0 0
0 56 0 0
1 31 14 0
0 14 7 0
0 98 79 11
0 148 50 0
0 -1 3 0
0 6 1 1
0 36 2 0
0 21 0 0
0 113 60 0
1 43 19 7
0 104 142 0
12 23 27 13
0 4 8 0
0 4 8 0
0 0 4 2
0 0 4 2
0 1 2 0
0 297 58 0
0 104 53 0
0 722 60 0
0 354 193 91
1 0 4 2
1 10 2 0
0 0 4 2
2 -1 39 0
0 15 20 3
9 142 7 0
8 3 3 0
8 3 3 0
8 93 34 0
8 3 3 0
0 0 4 2
0 547 53 0
2 6 1 1
0 32 37 0
0 32 37 0
0 28 3 0
0 17 10 0
0 51 0 0
0 321 10 0
0 88 71 10
0 82 10 0
0 51 0 0
0 79 16 0
0 635 247 108
1 29 13 4
1 2 0 0
0 69 1 1
0 44 43 24
0 26 28 14
0 47 45 23
2 56 0 0
0 -1 29 12
0 -1 29 12
0 71 1 1
0 104 53 0
0 78 47 0
0 120 54 12
0 120 54 12
0 120 54 12
1 225 144 59
0 326 205 89
1 54 48 27
0 119 7 0
0 0 4 2
0 13 15 3
0 0 4 2
1 42 3 0
0 1 2 0
0 24 21 0
0 3 3 0
0 36 2 0
2 86 12 0
0 28 3 0
2 3 3 0
0 4 8 0
0 32 37 0
0 16 16 0
0 248 92 0
1 88 71 10
0 991 9 0
0 39 5 0
0 15 20 3
0 9 9 0
0 276 18 0
0 27 32 11
0 6 1 1
2 41 31 0
0 154 10 0
0 31 14 0
0 19 18 0
0 19 18 0
0 19 18 0
0 24 21 0
7 89 73 38
13 20 26 15
1 163 5 0
0 13 15 3
0 54 48 27
0 139 9 0
0 4 8 0
1 18 22 10
1 5 0 0
0 15 20 3
0 52 23 0
0 13 15 3
9 49 46 25
0 297 58 0
0 41 31 0
0 30 36 17
0 787 95 75
0 32 37 0
0 4 8 0
0 14 7 0
0 3 3 0
0 11 5 0
0 91 74 33
0 50 10 0
1 2 0 0
0 13 15 3
0 31 14 0
0 1 2 0
0 102 51 0
0 73 63 8
0 33 38 8
0 6 1 1
0 50 10 0
0 714 83 0
1 1079 361 2
0 49 46 25
0 11 5 0
0 0 4 2
0 0 4 2
0 0 4 2
0 0 4 2
0 284 60 0
0 37 35 19
0 169 117 57
0 82 10 0
0 1 2 0
0 730 3 0
0 34 24 21
0 35 56 0
0 156 50 0
0 52 23 0
0 199 78 35
0 32 37 0
0 21 0 0
0 9 9 0
0 24 21 0
0 -1 131 17
0 1046 374 55
1 -1 92 0
0 40 1 1
0 753 81 0
0 7 6 0
0 248 92 0
0 24 21 0
0 30 36 17
4 449 225 11
0 41 31 0
0 4 8 0
2 354 193 91
0 4 8 0
0 9 9 0
0 60 39 0
0 756 288 47
0 530 0 0
24 142 7 0
0 190 7 0
0 26 28 14
0 31 14 0
0 177 65 0
4 5 0 0
0 185 125 67
0 185 125 67
0 185 125 67
0 76 67 32
0 7 6 0
0 205 53 0
0 39 5 0
0 17 10 0
0 9 9 0
1 1027 58 0
0 277 53 0
0 138 98 6
0 977 89 41
0 -1 19 7
0 -1 19 7
0 990 349 48
0 36 2 0
0 25 30 18
5 372 188 14
0 58 52 8
5 33 38 8
0 502 198 8
0 25 30 18
0 84 54 12
1 91 74 33
0 69 1 1
0 38 40 22
0 147 100 6
0 144 5 0
0 94 77 40
0 15 20 3
0 204 135 56
0 8 11 5
0 67 1 1
0 44 43 24
0 70 41 6
1 6 1 1
1 54 48 27
0 513 243 79
0 508 241 95
0 15 20 3
0 4 8 0
1 141 5 0
0 374 2 0
7 19 18 0
0 0 4 2
0 239 2 0
0 -1 0 0
0 689 314 35
0 61 33 0
17 76 67 32
0 383 0 0
0 7 6 0
1 650 0 0
0 70 41 6
0 327 16 0
2 189 3 0
0 507 3 0
1 2 0 0
1 2 0 0
1 2 0 0
1 2 0 0
1 2 0 0
0 4 8 0
0 0 4 2
1 28 3 0
4 76 67 32
0 44 43 24
0 330 86 0
0 56 0 0
0 39 5 0
0 15 20 3
1 10 2 0
0 16 16 0
0 302 12 0
0 258 25 0
0 17 10 0
0 17 10 0
0 3 3 0
0 553 233 88
0 641 16 0
5 54 48 27
0 731 9 0
0 6 1 1
0 48 42 16
2 122 59 6
0 211 107 6
1 405 213 6
1 405 213 6
0 33 38 8
0 380 203 8
0 73 63 8
0 119 7 0
0 8 11 5
0 219 148 20
0 114 90 20
0 49 46 25
0 156 50 0
0 7 6 0
0 8 11 5
2 110 84 0
0 323 13 4
1 54 48 27
1 5 0 0
0 7 6 0
2 72 0 0
0 241 0 0
1 3 3 0
2 875 16 0
0 104 53 0
1 317 83 0
0 7 6 0
0 30 36 17
0 14 7 0
0 53 0 0
0 19 18 0
0 4 8 0
0 1 2 0
0 4 8 0
0 55 49 28
0 184 101 0
0 9 9 0
1 5 0 0
0 44 43 24
13 315 21 0
1 5 0 0
1 5 0 0
1 54 48 27
0 113 60 0
0 -1 1 1
1 5 0 0
0 46 44 3
0 326 205 89
0 79 16 0
0 94 77 40
0 219 148 20
0 143 96 52
0 44 43 24
0 13 15 3
0 0 4 2
0 0 4 2
1 5 0 0
4 539 13 4
8 114 90 20
0 13 15 3
0 9 9 0
0 13 15 3
0 302 12 0
3 26 28 14
2 9 9 0
0 -1 6 0
0 838 25 0
16 22 1 1
1 5 0 0
0 433 10 0
9 142 7 0
0 69 1 1
0 166 115 61
0 0 4 2
0 1030 9 0
2 998 13 4
0 71 1 1
0 563 3 0
0 109 81 0
0 39 5 0
0 967 34 0
0 349 7 0
1 7 6 0
0 7 6 0
2 6 1 1
0 29 13 4
1 44 43 24
0 1 2 0
0 15 20 3
0 107 14 0
0 456 7 0
1 5 0 0
0 877 9 0
2 117 64 0
0 903 60 0
1 132 13 4
0 245 150 71
0 12 17 9
0 303 6 0
2 46 44 3
0 214 143 66
0 3 3 0
1 42 3 0
0 1 2 0
0 361 159 16
0 58 52 8
0 135 93 30
2 6 1 1
0 47 45 23
0 8 11 5
0 8 11 5
1 118 13 4
0 858 25 0
0 1 2 0
0 7 6 0
2 21 0 0
0 68 61 29
0 1069 56 0
0 1 2 0
0 70 41 6
0 155 83 0
0 11 5 0
0 185 125 67
0 82 10 0
1 2 0 0
1 2 0 0
1 2 0 0
1 2 0 0
1 2 0 0
1 2 0 0
1 2 0 0
0 161 111 46
0 106 58 0
8 9 9 0
0 31 14 0
0 15 20 3
0 52 23 0
1 1 2 0
0 122 59 6
2 21 0 0
0 261 8 0
0 922 6 0
0 3 3 0
0 688 18 0
0 555 23 0
0 78 47 0
0 504 12 0
2 9 9 0
2 9 9 0
1 130 9 0
0 35 122 0
0 130 9 0
2 305 31 0
12 203 134 68
2 139 146 0
0 -1 6 0
0 211 107 6
0 894 338 59
0 60 39 0
0 39 5 0
0 600 55 0
0 3 3 0
2 608 18 0
0 36 2 0
2 -1 25 0
0 21 0 0
0 50 10 0
0 9 9 0
1 25 30 18
1 25 30 18
1 25 30 18
0 19 18 0
1 5 0 0
0 3 3 0
0 -1 19 7
0 202 2 0
0 569 25 0
27 125 0 0
0 825 0 0
0 28 3 0
3 8 11 5
3 14 7 0
0 7 6 0
0 78 47 0
0 121 14 0
0 16 16 0
0 348 8 0
0 47 45 23
0 48 42 16
0 0 4 2
0 44 43 24
0 225 144 59
0 225 144 59
0 225 144 59
3 56 0 0
0 63 57 20
0 -1 3 0
3 68 61 29
1 201 47 0
0 0 4 2
0 695 10 0
1 997 13 4
0 67 1 1
1 5 0 0
1 12 17 9
0 408 39 0
0 17 10 0
0 511 10 0
0 97 0 0
1 6 1 1
1 6 1 1
0 360 0 0
0 299 179 82
2 85 9 0
0 1010 344 16
2 320 47 0
3 68 61 29
0 1 2 0
0 6 1 1
0 190 34 0
0 51 0 0
0 51 0 0
0 51 0 0
0 105 59 6
0 41 31 0
0 1 2 0
0 70 41 6
3 68 61 29
0 389 250 20
0 63 57 20
0 17 10 0
0 24 21 0
2 879 58 0
0 6 1 1
1 919 339 125
0 45 0 0
0 485 236 11
0 27 32 11
0 27 32 11
1 439 1 1
0 724 39 0
0 1 2 0
1 5 0 0
1 5 0 0
0 86 12 0
1 27 32 11
0 37 35 19
0 16 16 0
0 4 8 0
0 104 53 0
0 7 6 0
0 805 194 7
0 43 19 7
0 51 0 0
1 0 4 2
0 859 9 0
0 7 6 0
0 251 82 0
1 99 14 0
0 93 34 0
0 344 3 0
0 1 2 0
0 -1 3 0
1 6 13 4
1 490 13 4
0 452 50 0
0 17 10 0
0 45 0 0
0 36 2 0
0 614 3 0
0 19 18 0
1 16 16 0
0 68 61 29
0 6 1 1
0 83 1 1
0 83 1 1
1 5 0 0
0 19 18 0
0 19 18 0
0 316 34 0
2 232 0 0
0 4 8 0
0 4 8 0
0 -1 65 0
1 5 0 0
0 441 33 0
0 216 13 4
0 189 3 0
0 28 3 0
0 89 73 38
0 1 2 0
0 123 3 0
0 102 51 0
0 8 11 5
0 8 11 5
0 8 11 5
0 8 11 5
0 8 11 5
0 8 11 5
0 8 11 5
0 8 11 5
0 8 11 5
1 2 0 0
0 369 0 0
0 29 13 4
0 661 286 124
0 829 12 0
0 24 21 0
0 269 12 0
0 19 18 0
0 12 17 9
0 278 25 0
1 5 0 0
9 142 7 0
0 213 3 0
1 54 48 27
3 162 14 0
0 1 2 0
0 227 13 4
0 101 33 0
0 79 16 0
2 106 58 0
0 78 47 0
0 16 16 0
0 4 8 0
0 4 8 0
1 54 48 27
0 747 261 123
1 2 0 0
1 2 0 0
1 2 0 0
1 2 0 0
5 226 0 0
0 85 9 0
0 11 5 0
0 11 5 0
0 11 5 0
0 11 5 0
0 11 5 0
0 11 5 0
0 11 5 0
0 11 5 0
0 11 5 0
0 11 5 0
0 11 5 0
0 11 5 0
0 11 5 0
0 11 5 0
0 11 5 0
0 11 5 0
0 11 5 0
0 11 5 0
0 11 5 0
0 11 5 0
0 11 5 0
2 56 0 0
0 34 24 21
0 23 27 13
0 135 93 30
0 663 3 0
0 23 27 13
0 50 10 0
0 679 122 0
1 54 48 27
0 16 16 0
5 157 108 48
0 86 12 0
0 17 10 0
0 1 2 0
0 1 2 0
0 4 8 0
0 4 8 0
0 4 8 0
0 3 3 0
0 348 8 0
0 44 43 24
1 29 13 4
1 -1 25 0
0 7 6 0
0 833 326 43
0 50 10 0
0 240 161 16
0 26 28 14
0 4 8 0
0 3 3 0
0 15 20 3
5 176 124 3
0 122 59 6
0 737 371 41
0 0 4 2
0 46 44 3
0 13 15 3
0 13 15 3
0 46 44 3
0 0 4 2
2 36 2 0
0 24 21 0
0 60 39 0
0 105 59 6
5 19 18 0
0 777 16 0
1 45 0 0
0 748 39 0
0 50 10 0
0 6 1 1
0 82 10 0
0 -1 29 12
0 131 82 0
0 24 21 0
2 -1 19 7
0 26 28 14
2 191 25 0
1 2 0 0
1 2 0 0
1 2 0 0
1 2 0 0
2 92 75 36
2 171 5 0
0 33 38 8
0 33 38 8
0 33 38 8
0 33 38 8
0 33 38 8
0 33 38 8
0 33 38 8
0 144 5 0
0 108 1 1
0 12 17 9
0 15 20 3
1 48 42 16
0 17 10 0
0 50 10 0
0 137 94 50
0 80 24 37
0 1 2 0
0 526 25 0
3 46 44 3
0 28 3 0
0 163 5 0
0 166 115 61
8 218 10 0
1 7 6 0
0 149 102 43
0 1 2 0
1 7 6 0
0 29 13 4
0 80 24 37
0 53 0 0
0 53 0 0
0 4 8 0
1 -1 19 7
29 15 20 3
0 19 18 0
0 133 23 0
0 -1 6 0
0 183 5 0
0 28 3 0
0 20 26 15
0 20 26 15
0 27 32 11
0 27 32 11
0 802 25 0
0 98 79 11
0 27 32 11
0 98 79 11
0 150 103 11
0 27 32 11
1 5 0 0
0 8 11 5
0 151 110 20
0 9 9 0
0 9 9 0
0 152 0 0
0 13 15 3
0 37 35 19
0 46 44 3
0 3 3 0
0 3 3 0
0 136 6 0
0 7 6 0
0 152 0 0
0 48 42 16
1 134 13 4
0 143 96 52
0 143 96 52
0 143 96 52
0 1 2 0
0 165 0 0
0 23 27 13
0 180 35 19
0 44 43 24
0 1 2 0
0 13 15 3
0 145 39 0
2 104 142 0
0 194 41 6
1 161 111 46
0 66 62 31
1 43 19 7
0 6 1 1
1 272 183 3
0 36 2 0
3 63 57 20
2 492 21 0
0 -1 131 17
1 510 13 4
0 1 2 0
0 6 1 1
0 80 24 37
2 40 1 1
0 34 24 21
0 41 31 0
0 3 3 0
1 222 6 0
0 4 8 0
0 111 68 0
0 37 35 19
0 44 43 24
1 60 39 0
1 452 50 0
2 64 1 1
1 24 21 0
0 475 146 0
0 7 6 0
0 7 6 0
0 21 0 0
0 99 85 42
0 99 85 42
0 99 85 42
0 99 85 42
0 7 6 0
1 65 55 0
1 158 23 0
1 39 5 0
4 319 185 49
1 29 13 4
0 49 46 25
0 188 126 34
0 847 334 0
7 77 69 26
2 0 4 2
15 308 34 0
0 222 6 0
0 133 23 0
0 104 53 0
0 144 5 0
0 28 3 0
0 91 74 33
0 187 53 0
0 84 54 12
1 5 0 0
0 9 9 0
0 4 8 0
0 107 14 0
0 702 9 0
0 19 18 0
0 981 68 0
0 1 2 0
0 40 25 0
0 9 9 0
0 636 23 0
0 7 6 0
0 303 6 0
0 1053 47 0
4 1 2 0
0 93 34 0
0 439 1 1
0 884 159 16
0 16 16 0
0 48 42 16
1 221 0 0
0 505 259 98
0 3 3 0
0 0 4 2
1 404 190 0
5 899 341 135
5 274 9 0
1 132 13 4
0 124 12 0
0 102 51 0
0 17 10 0
0 180 35 19
0 180 35 19
0 0 4 2
0 12 17 9
1 918 5 0
2 -1 131 17
2 -1 131 17
0 98 79 11
0 55 49 28
1 7 6 0
1 7 6 0
0 85 9 0
0 204 135 56
0 140 31 0
0 51 0 0
0 41 31 0
1 954 34 0
0 4 8 0
0 106 58 0
0 207 139 51
0 207 139 51
0 207 139 51
0 207 139 51
0 207 139 51
0 277 53 0
1 102 51 0
0 29 13 4
1 173 65 0
0 20 26 15
0 27 32 11
0 46 44 3
0 103 56 0
0 1036 86 0
1 194 41 6
0 91 74 33
0 75 0 0
0 51 0 0
0 1 2 0
4 44 43 24
0 306 70 4
0 121 14 0
0 79 16 0
0 29 13 4
0 185 125 67
0 12 17 9
0 -1 208 11
0 37 35 19
5 115 66 6
0 14 7 0
1 95 76 4
0 41 31 0
0 64 1 1
0 237 154 76
0 82 10 0
2 15 20 3
2 333 2 0
5 0 4 2
0 1 2 0
0 123 3 0
0 1 2 0
0 1 2 0
4 63 57 20
0 13 15 3
1 22 1 1
4 144 5 0
0 0 4 2
0 85 9 0
0 436 221 45
0 376 162 45
0 376 162 45
7 432 162 45
0 84 54 12
0 54 48 27
0 173 65 0
1 63 57 20
0 249 239 106
0 0 4 2
1 0 4 2
1 627 13 4
0 0 4 2
0 1 2 0
0 1 2 0
0 239 2 0
0 137 94 50
0 191 25 0
0 88 71 10
5 309 5 0
0 44 43 24
0 119 7 0
0 91 74 33
0 120 54 12
0 49 46 25
0 809 9 0
1 56 0 0
0 -1 29 12
0 15 20 3
0 15 20 3
0 43 19 7
1 392 242 7
0 87 3 0
0 988 0 0
0 26 28 14
2 65 55 0
2 144 5 0
0 56 0 0
0 45 0 0
5 76 67 32
0 76 67 32
0 6 1 1
0 47 45 23
11 116 88 44
4 -1 29 12
0 86 12 0
0 23 27 13
0 789 70 4
1 115 66 6
0 1048 295 16
2 86 12 0
1 56 0 0
0 429 59 6
2 677 51 0
1 76 67 32
0 138 98 6
0 127 91 39
0 166 115 61
0 6 1 1
1 5 0 0
0 27 32 11
0 160 50 0
0 46 44 3
0 375 23 0
1 122 59 6
0 -1 29 12
0 -1 29 12
0 -1 29 12
0 -1 29 12
0 1061 39 0
2 172 5 0
0 56 0 0
1 35 7 0
0 6 1 1
0 6 1 1
1 40 1 1
1 3 12 0
1 3 12 0
1 35 7 0
1 35 7 0
0 12 17 9
0 6 1 1
0 71 1 1
0 71 1 1
0 71 1 1
0 6 1 1
0 6 1 1
0 -1 1 1
0 71 1 1
1 35 7 0
1 2 0 0
0 994 1 1
1 2 0 0
1 2 0 0
1 2 0 0
1 2 0 0
1 2 0 0
1 2 0 0
1 2 0 0
1 2 0 0
1 2 0 0
1 2 0 0
1 2 0 0
1 2 0 0
0 1055 1 1
0 257 163 74
0 3 12 0
0 24 21 0
0 325 184 7
1 6 1 1
0 325 184 7
0 7 6 0
0 39 5 0
15 178 66 6
15 255 87 6
15 255 87 6
1 669 1 1
0 67 1 1
1 2 0 0
1 3 12 0
1 91 74 33
1 35 7 0
0 66 62 31
0 -1 131 17
1 6 1 1
0 683 1 1
0 30 36 17
0 30 36 17
1 35 7 0
1 35 7 0
1 3 12 0
1 3 12 0
1 3 12 0
1 3 12 0
0 40 1 1
0 35 7 0
1 35 7 0
0 6 1 1
1 35 7 0
1 3 12 0
0 64 1 1
0 64 1 1
0 6 1 1
0 64 1 1
0 64 1 1
0 40 1 1
0 3 12 0
1 35 7 0
0 1 2 0
0 22 1 1
1 3 12 0
1 22 1 1
0 40 1 1
0 6 1 1
1 6 1 1
0 6 1 1
0 100 80 30
0 495 237 17
0 779 1 1
0 64 1 1
1 3 12 0
1 3 12 0
1 3 12 0
0 6 1 1
0 133 23 0
0 44 43 24
0 64 1 1
0 64 1 1
0 64 1 1
0 64 1 1
0 64 1 1
0 64 1 1
0 64 1 1
0 964 52 8
0 6 1 1
0 1071 1 1
0 108 1 1
0 22 1 1
0 108 1 1
0 108 1 1
0 22 1 1
0 108 1 1
0 64 1 1
1 3 12 0
0 334 21 0
0 22 1 1
0 22 1 1
0 22 1 1
0 22 1 1
0 22 1 1
0 22 1 1
0 22 1 1
0 22 1 1
0 22 1 1
0 22 1 1
0 22 1 1
0 22 1 1
0 22 1 1
0 40 1 1
0 22 1 1
0 22 1 1
0 22 1 1
0 22 1 1
0 22 1 1
0 22 1 1
0 22 1 1
1 3 12 0
1 3 12 0
0 8 11 5
0 64 1 1
0 71 1 1
1 3 12 0
0 6 1 1
0 40 1 1
0 40 1 1
0 71 1 1
0 71 1 1
0 6 1 1
0 71 1 1
0 6 1 1
0 15 20 3
1 35 7 0
0 34 24 21
1 40 1 1
1 35 7 0
1 40 1 1
0 40 1 1
0 6 1 1
0 474 121 0
0 70 41 6
0 105 59 6
0 138 98 6
0 70 41 6
0 465 87 6
10 62 0 0
14 62 0 0
0 27 32 11
0 27 32 11
0 27 32 11
0 0 4 2
0 27 32 11
0 27 32 11
0 298 5 0
1 27 32 11
1 3 12 0
0 143 96 52
0 143 96 52
1 35 7 0
0 23 27 13
0 98 79 11
0 27 32 11
0 27 32 11
0 27 32 11
0 7 6 0
0 22 1 1
0 22 1 1
0 22 1 1
0 40 1 1
0 98 79 11
0 81 14 0
0 253 56 0
0 436 221 45
0 1 2 0
0 239 2 0
1 22 1 1
0 98 79 11
0 14 7 0
2 39 5 0
3 170 118 60
1 0 4 2
0 253 56 0
0 93 34 0
0 4 8 0
0 7 6 0
0 4 8 0
0 4 8 0
0 4 8 0
0 4 8 0
0 4 8 0
0 4 8 0
0 147 100 6
0 56 0 0
1 111 68 0
7 15 20 3
7 15 20 3
12 13 15 3
0 46 44 3
0 24 21 0
2 1020 373 48
0 26 28 14
0 135 93 30
0 100 80 30
1 377 201 92
0 8 11 5
0 21 0 0
0 48 42 16
0 542 254 99
0 92 75 36
0 989 12 0
0 7 6 0
1 5 0 0
0 47 45 23
4 815 325 136
1 5 0 0
0 143 96 52
0 149 102 43
3 77 69 26
3 77 69 26
0 -1 29 12
0 8 11 5
0 8 11 5
0 8 11 5
0 8 11 5
0 8 11 5
0 8 11 5
0 8 11 5
0 8 11 5
0 8 11 5
0 8 11 5
0 8 11 5
0 8 11 5
0 8 11 5
0 8 11 5
0 8 11 5
0 8 11 5
0 8 11 5
0 8 11 5
0 294 0 0
0 90 72 26
0 3 3 0
5 382 0 0
0 103 56 0
0 19 18 0
0 426 14 0
0 3 3 0
0 16 16 0
0 190 55 0
0 16 16 0
0 81 14 0
0 112 25 0
0 81 14 0
0 16 16 0
0 19 18 0
0 332 112 1
0 38 40 22
0 4 8 0
0 300 21 0
21 438 13 4
2 666 297 18
0 43 19 7
0 -1 19 7
0 43 19 7
0 133 23 0
0 20 26 15
0 20 26 15
0 20 26 15
0 20 26 15
0 8 11 5
0 8 11 5
0 20 26 15
0 20 26 15
0 20 26 15
0 0 4 2
0 8 11 5
0 544 253 13
4 7 6 0
4 7 6 0
0 168 25 0
0 8 11 5
0 13 15 3
0 13 15 3
0 13 15 3
0 15 20 3
0 13 15 3
0 13 15 3
0 0 4 2
0 0 4 2
0 7 6 0
4 36 2 0
1 57 0 0
0 1 2 0
0 12 17 9
4 388 228 100
0 20 26 15
0 20 26 15
0 20 26 15
0 20 26 15
0 20 26 15
0 20 26 15
0 20 26 15
9 -1 2 0
3 23 27 13
3 23 27 13
0 39 5 0
0 4 8 0
0 673 6 0
1 10 2 0
2 488 3 0
1 5 0 0
0 150 103 11
0 8 11 5
0 8 11 5
0 8 11 5
0 8 11 5
0 8 11 5
0 8 11 5
0 8 11 5
0 83 1 1
0 6 1 1
0 6 1 1
0 83 1 1
0 83 1 1
0 -1 95 45
0 -1 95 45
0 -1 95 45
0 -1 95 45
0 358 95 45
1 6 1 1
1 -1 6 0
0 6 1 1
0 31 14 0
0 -1 29 12
0 6 1 1
11 116 88 44
4 26 28 14
14 62 0 0
10 62 0 0
10 62 0 0
14 62 0 0
10 62 0 0
14 62 0 0
0 4 8 0
1 43 19 7
0 16 16 0
0 12 17 9
0 28 3 0
0 1 2 0
0 105 59 6
0 103 56 0
0 0 4 2
0 -1 0 0
0 667 192 117
12 94 77 40
12 94 77 40
3 94 77 40
12 90 72 26
7 47 45 23
1 5 0 0
0 350 174 9
0 1040 145 9
0 350 174 9
0 78 47 0
0 -1 149 51
0 76 67 32
0 9 9 0
0 27 32 11
0 53 0 0
0 39 5 0
0 13 15 3
0 14 7 0
0 53 0 0
4 364 23 0
0 36 2 0
0 1 2 0
3 13 15 3
0 0 4 2
0 8 11 5
0 8 11 5
0 8 11 5
0 26 28 14
0 114 90 20
0 19 18 0
2 238 151 39
0 726 7 0
0 26 28 14
2 229 18 0
0 28 3 0
12 127 91 39
3 68 61 29
0 16 16 0
11 46 44 3
1 83 1 1
0 -1 6 0
0 800 5 0
0 20 26 15
0 41 31 0
2 27 32 11
20 6 1 1
0 8 11 5
0 8 11 5
0 44 43 24
0 176 124 3
0 15 20 3
0 370 186 85
0 30 36 17
0 30 36 17
0 30 36 17
0 30 36 17
0 30 36 17
0 30 36 17
0 30 36 17
0 30 36 17
0 30 36 17
0 30 36 17
0 30 36 17
0 30 36 17
0 30 36 17
0 30 36 17
0 30 36 17
0 30 36 17
0 30 36 17
3 785 28 14
0 44 43 24
1 2 0 0
1 2 0 0
1 2 0 0
1 2 0 0
1 2 0 0
1 2 0 0
1 2 0 0
1 2 0 0
1 2 0 0
1 2 0 0
1 2 0 0
0 34 24 21
0 259 3 0
0 572 42 16
0 0 4 2
0 1 2 0
2 12 17 9
0 6 1 1
0 613 107 6
0 7 6 0
0 63 57 20
0 247 1 1
1 118 13 4
19 20 26 15
19 8 11 5
19 306 219 107
0 189 3 0
0 23 27 13
1 29 13 4
0 24 21 0
1 29 13 4
0 45 0 0
0 36 2 0
0 36 2 0
0 36 2 0
0 36 2 0
0 -1 29 12
4 263 165 78
0 7 6 0
1 5 0 0
2 165 0 0
0 26 28 14
7 223 137 14
0 19 18 0
0 19 18 0
2 1007 345 54
3 26 28 14
0 22 1 1
0 7 6 0
0 3 3 0
0 11 5 0
0 4 8 0
0 0 4 2
0 0 4 2
3 23 27 13
0 47 45 23
3 23 27 13
0 26 28 14
0 36 2 0
0 19 18 0
0 19 18 0
2 6 1 1
1 40 1 1
0 15 20 3
2 94 77 40
0 6 1 1
14 62 0 0
10 62 0 0
0 7 6 0
0 7 6 0
0 51 0 0
0 72 0 0
0 90 72 26
0 82 10 0
7 209 18 0
0 94 77 40
0 340 34 0
0 340 34 0
0 24 21 0
0 4 8 0
0 198 0 0
0 80 24 37
0 0 4 2
0 1 2 0
0 72 0 0
1 -1 29 12
0 42 3 0
0 7 6 0
0 102 51 0
1 216 13 4
0 72 0 0
1 5 0 0
0 28 3 0
0 -1 1 1
0 48 42 16
0 114 90 20
1 55 49 28
0 245 150 71
0 24 21 0
0 1 2 0
1 25 30 18
1 25 30 18
0 524 25 0
0 931 1 1
13 -1 29 12
1 52 23 0
0 27 32 11
0 96 34 0
12 23 27 13
0 461 6 0
5 26 28 14
0 30 36 17
3 -1 177 14
0 26 28 14
3 76 67 32
3 76 67 32
0 26 28 14
0 39 5 0
0 0 4 2
0 0 4 2
0 0 4 2
0 0 4 2
3 372 188 14
0 26 28 14
0 13 15 3
0 13 15 3
0 13 15 3
0 175 114 3
0 175 114 3
0 175 114 3
0 15 20 3
0 15 20 3
0 13 15 3
0 13 15 3
0 15 20 3
0 15 20 3
0 13 15 3
9 -1 2 0
0 132 13 4
1 91 74 33
0 1049 121 0
0 20 26 15
0 184 101 0
0 170 118 60
0 170 118 60
0 170 118 60
0 170 118 60
0 170 118 60
0 396 18 0
0 13 15 3
0 15 20 3
0 15 20 3
0 13 15 3
0 13 15 3
0 46 44 3
0 21 0 0
0 27 32 11
0 98 79 11
0 29 13 4
0 29 13 4
0 29 13 4
0 42 3 0
0 3 3 0
1 17 10 0
1 195 33 0
1 1 2 0
0 24 21 0
3 26 28 14
0 57 0 0
0 31 14 0
0 43 19 7
0 43 19 7
0 43 19 7
3 23 27 13
0 19 18 0
12 -1 -1 13
0 11 5 0
2 -1 1 1
0 506 3 0
1 2 0 0
1 2 0 0
1 2 0 0
1 2 0 0
1 2 0 0
1 2 0 0
1 2 0 0
1 2 0 0
1 2 0 0
1 2 0 0
1 2 0 0
1 2 0 0
0 17 10 0
0 32 37 0
0 662 6 0
0 32 37 0
1 483 230 7
1 227 13 4
0 321 10 0
0 42 3 0
0 115 66 6
0 115 66 6
0 121 14 0
1 5 0 0
2 118 13 4
0 33 38 8
0 82 10 0
0 55 49 28
0 55 49 28
0 55 49 28
0 70 41 6
0 1 2 0
0 46 44 3
3 23 27 13
1 5 0 0
0 648 12 0
1 5 0 0
2 67 1 1
11 314 3 0
0 851 0 0
1 10 2 0
0 31 14 0
0 47 45 23
0 47 45 23
0 47 45 23
0 47 45 23
0 47 45 23
0 47 45 23
0 47 45 23
0 47 45 23
0 47 45 23
0 47 45 23
0 47 45 23
0 47 45 23
0 47 45 23
0 3 3 0
0 0 4 2
0 865 51 0
0 7 6 0
0 7 6 0
1 71 1 1
0 45 0 0
0 20 26 15
0 0 4 2
0 21 0 0
0 39 5 0
9 142 7 0
9 49 46 25
0 13 15 3
0 13 15 3
0 13 15 3
0 217 15 3
0 175 114 3
0 13 15 3
0 13 15 3
0 13 15 3
0 69 1 1
0 15 20 3
0 13 15 3
0 69 1 1
0 69 1 1
0 13 15 3
0 217 15 3
0 217 15 3
0 13 15 3
0 13 15 3
0 217 15 3
0 13 15 3
0 13 15 3
0 13 15 3
0 175 114 3
0 217 15 3
0 13 15 3
0 217 15 3
0 13 15 3
0 202 2 0
0 46 44 3
1 5 0 0
0 393 39 0
0 32 37 0
0 9 9 0
0 356 1 1
0 356 1 1
16 22 1 1
0 17 10 0
0 265 167 0
0 4 8 0
1 5 0 0
0 14 7 0
0 83 1 1
0 870 1 1
0 96 34 0
0 188 126 34
0 188 126 34
0 188 126 34
2 14 7 0
2 164 1 1
0 68 61 29
0 6 1 1
0 971 119 34
0 416 1 1
0 20 26 15
0 305 31 0
0 9 9 0
0 1057 86 0
0 -1 55 0
0 12 17 9
0 28 3 0
0 135 93 30
0 68 61 29
0 -1 238 17
0 912 346 69
0 136 97 47
0 136 97 47
0 136 97 47
1 143 96 52
0 111 68 0
0 61 33 0
0 23 27 13
0 -1 131 17
0 44 43 24
0 37 35 19
0 37 35 19
0 37 35 19
0 37 35 19
0 37 35 19
0 37 35 19
1 8 11 5
0 29 13 4
0 226 0 0
1 5 0 0
0 644 285 11
0 1005 34 0
11 5 0 0
0 36 2 0
0 290 3 0
0 -1 29 12
0 80 24 37
0 80 24 37
0 66 62 31
0 80 24 37
0 66 62 31
0 80 24 37
0 9 9 0
0 0 4 2
0 223 137 14
0 223 137 14
0 223 137 14
0 223 137 14
3 518 220 14
0 181 123 16
0 28 3 0
0 21 0 0
4 126 89 41
0 0 4 2
0 0 4 2
16 22 1 1
0 111 68 0
1 2 0 0
0 0 4 2
0 453 50 0
0 0 4 2
0 0 4 2
0 0 4 2
0 0 4 2
0 0 4 2
0 0 4 2
0 0 4 2
0 17 10 0
0 24 21 0
3 26 28 14
0 267 170 18
0 808 190 0
0 14 7 0
3 26 28 14
0 6 1 1
0 12 17 9
1 275 104 4
0 479 60 0
0 52 23 0
3 26 28 14
0 7 6 0
0 92 75 36
2 40 1 1
0 1014 13 4
4 892 -1 114
0 46 44 3
0 15 20 3
0 243 121 0
0 820 182 6
0 70 41 6
3 26 28 14
0 476 235 93
0 671 342 16
0 422 218 62
0 21 0 0
0 75 0 0
0 75 0 0
0 75 0 0
0 60 39 0
0 330 86 0
2 110 84 0
0 176 124 3
0 3 3 0
0 13 15 3
0 13 15 3
3 94 77 40
0 743 301 122
4 -1 29 12
1 2 0 0
0 331 56 0
1 128 70 4
1 128 70 4
1 128 70 4
1 128 70 4
0 36 2 0
0 1 2 0
1 112 25 0
0 45 0 0
0 4 8 0
0 141 5 0
0 39 5 0
0 63 57 20
0 63 57 20
0 114 90 20
0 63 57 20
0 63 57 20
0 0 4 2
0 161 111 46
17 437 5 0
1 25 30 18
1 25 30 18
1 25 30 18
1 25 30 18
1 25 30 18
1 25 30 18
1 25 30 18
0 12 17 9
0 12 17 9
0 12 17 9
0 12 17 9
0 12 17 9
0 12 17 9
0 12 17 9
0 12 17 9
0 12 17 9
0 12 17 9
0 12 17 9
0 12 17 9
0 12 17 9
4 37 35 19
0 20 26 15
0 199 78 35
0 199 78 35
0 3 3 0
0 355 128 7
0 13 15 3
0 27 32 11
0 36 2 0
0 357 9 0
1 39 5 0
4 134 13 4
0 39 5 0
0 25 30 18
0 14 7 0
0 1 2 0
0 44 43 24
0 76 67 32
0 -1 29 12
0 13 15 3
0 15 20 3
0 458 180 3
0 46 44 3
0 327 65 0
0 311 12 0
1 5 0 0
0 21 0 0
0 63 57 20
1 645 280 27
1 5 0 0
0 561 14 0
0 -1 19 7
0 40 1 1
0 83 1 1
0 770 1 1
0 6 1 1
0 366 202 7
0 -1 78 35
4 249 5 0
0 264 145 9
3 385 128 72
0 140 31 0
0 53 0 0
2 707 182 6
0 674 330 22
0 38 40 22
0 38 40 22
0 38 40 22
1 115 66 6
0 26 28 14
0 21 0 0
0 1 2 0
0 226 0 0
0 124 12 0
0 60 39 0
0 124 12 0
0 107 14 0
1 295 9 0
0 398 211 103
0 106 58 0
0 14 7 0
0 23 27 13
0 1 2 0
0 704 122 0
0 273 172 13
0 602 272 102
0 812 318 102
0 98 79 11
1 318 13 4
1 440 58 0
0 41 31 0
0 63 57 20
0 235 122 0
0 1 2 0
0 1 2 0
0 224 138 65
0 41 31 0
5 37 35 19
4 110 84 0
0 130 9 0
21 8 11 5
0 8 11 5
2 8 11 5
2 8 11 5
0 127 91 39
0 132 13 4
0 910 0 0
0 4 8 0
0 45 0 0
3 234 164 35
3 234 164 35
1 35 7 0
0 709 0 0
0 16 16 0
0 93 34 0
2 955 0 0
0 42 3 0
0 42 3 0
0 85 9 0
0 362 122 0
0 293 168 46
2 549 232 104
0 110 84 0
0 17 10 0
1 29 13 4
4 220 0 0
1 366 202 7
16 22 1 1
0 3 3 0
7 97 0 0
7 97 0 0
7 97 0 0
3 94 77 40
0 7 6 0
0 15 20 3
0 588 25 0
1 817 0 0
0 100 80 30
3 262 10 0
1 71 1 1
0 31 14 0
2 72 0 0
1 75 0 0
1 2 0 0
1 2 0 0
1 2 0 0
1 2 0 0
1 2 0 0
1 2 0 0
1 2 0 0
1 2 0 0
1 2 0 0
1 2 0 0
1 2 0 0
1 2 0 0
0 124 12 0
0 21 0 0
1 902 6 0
0 20 26 15
0 43 19 7
7 20 26 15
0 3 3 0
0 120 54 12
0 360 0 0
0 70 41 6
0 100 80 30
1 2 0 0
0 3 3 0
0 -1 29 12
0 24 21 0
0 19 18 0
0 24 21 0
1 56 0 0
0 280 1 1
0 32 37 0
0 65 55 0
0 152 0 0
0 116 88 44
0 116 88 44
0 836 3 0
0 85 9 0
1 5 0 0
20 6 1 1
0 292 176 80
0 61 33 0
0 231 3 0
0 466 6 0
0 300 21 0
0 15 20 3
1 42 3 0
0 85 9 0
0 9 9 0
0 13 15 3
1 5 0 0
0 383 0 0
0 361 159 16
1 368 197 86
2 29 13 4
1 923 347 96
0 9 9 0
0 9 9 0
0 9 9 0
4 -1 19 7
4 14 7 0
0 125 0 0
0 9 9 0
1 125 0 0
0 180 35 19
0 6 1 1
0 738 18 0
5 93 34 0
2 39 5 0
2 28 3 0
3 46 44 3
0 839 0 0
0 1 2 0
0 382 0 0
0 0 4 2
0 111 68 0
0 713 6 0
0 15 20 3
0 15 20 3
0 15 20 3
0 15 20 3
0 15 20 3
0 15 20 3
0 15 20 3
0 15 20 3
0 15 20 3
0 605 375 2
10 20 26 15
3 8 11 5
3 8 11 5
3 8 11 5
0 214 143 66
3 837 9 0
1 17 10 0
1 103 56 0
0 946 350 6
0 64 1 1
0 148 50 0
0 41 31 0
0 16 16 0
0 3 3 0
0 17 10 0
2 -1 7 0
2 214 143 66
0 54 48 27
0 3 3 0
0 957 0 0
0 24 21 0
0 60 39 0
0 24 21 0
0 24 21 0
0 41 31 0
0 101 33 0
0 4 8 0
0 64 1 1
0 811 332 7
3 164 1 1
0 -1 156 0
0 3 3 0
0 517 68 0
0 517 68 0
1 5 0 0
1 54 48 27
1 54 48 27
1 54 48 27
0 121 14 0
0 24 21 0
0 173 65 0
0 70 41 6
0 718 23 0
0 25 30 18
4 12 17 9
0 106 58 0
0 294 0 0
0 1 2 0
0 16 16 0
0 187 53 0
0 7 6 0
9 -1 2 0
0 475 146 0
0 14 7 0
0 14 7 0
0 14 7 0
0 197 129 33
2 56 0 0
4 3 3 0
0 477 8 0
0 1 2 0
0 36 2 0
3 171 5 0
3 0 4 2
16 22 1 1
1 8 11 5
0 111 68 0
0 1 2 0
0 1 2 0
0 1 2 0
0 370 186 85
2 905 60 0
1 165 0 0
0 29 13 4
2 5 0 0
0 16 16 0
1 18 22 10
0 4 8 0
0 11 5 0
0 17 10 0
0 -1 19 7
1 6 13 4
0 0 4 2
0 45 0 0
0 9 9 0
4 4 8 0
2 21 0 0
0 231 3 0
0 1002 65 0
0 97 0 0
0 351 51 0
4 109 81 0
0 11 5 0
0 616 18 0
0 50 10 0
0 50 10 0
0 560 181 4
0 560 181 4
0 638 133 6
0 7 6 0
0 447 2 0
0 27 32 11
0 27 32 11
0 27 32 11
0 121 14 0
0 28 3 0
1 45 0 0
1 5 0 0
0 330 86 0
0 336 51 0
0 17 10 0
1 5 0 0
0 71 1 1
1 57 0 0
1 14 7 0
1 14 7 0
1 14 7 0
1 57 0 0
1 14 7 0
1 57 0 0
1 14 7 0
1 57 0 0
0 7 6 0
4 539 13 4
0 85 9 0
0 357 9 0
0 28 3 0
1 54 48 27
0 451 51 0
31 125 0 0
0 4 8 0
0 12 17 9
2 962 65 0
0 3 3 0
2 25 30 18
0 79 16 0
0 966 56 0
0 31 14 0
0 4 8 0
18 196 60 0
1 381 204 17
1 381 204 17
1 381 204 17
0 131 82 0
0 6 1 1
0 281 34 0
0 1 2 0
0 906 25 0
0 3 3 0
0 24 21 0
0 50 10 0
0 -1 6 0
0 1 2 0
0 39 5 0
0 373 199 69
0 383 0 0
0 97 0 0
0 25 30 18
0 313 13 4
2 36 2 0
0 17 10 0
0 304 14 0
4 947 353 130
1 5 0 0
0 12 17 9
0 23 27 13
0 12 17 9
0 12 17 9
0 12 17 9
0 273 172 13
0 12 17 9
0 12 17 9
0 12 17 9
0 12 17 9
0 12 17 9
0 12 17 9
0 12 17 9
0 12 17 9
0 12 17 9
0 12 17 9
0 464 5 0
0 131 82 0
4 69 1 1
0 4 8 0
0 1 2 0
0 55 49 28
0 0 4 2
0 241 0 0
0 65 55 0
0 -1 25 0
0 23 27 13
0 0 4 2
0 1 2 0
0 1 2 0
3 20 26 15
3 20 26 15
0 827 5 0
0 7 6 0
0 9 9 0
0 9 9 0
0 29 13 4
1 42 3 0
0 8 11 5
0 8 11 5
0 8 11 5
0 8 11 5
0 8 11 5
0 269 12 0
0 211 12 0
0 7 6 0
0 7 6 0
1 54 48 27
7 89 73 38
7 89 73 38
7 89 73 38
5 654 3 0
0 723 33 0
0 255 87 6
1 3 12 0
1 3 12 0
1 3 12 0
0 6 1 1
0 108 1 1
1 45 0 0
1 45 0 0
1 10 2 0
1 10 2 0
1 10 2 0
1 45 0 0
1 40 1 1
1 10 2 0
1 10 2 0
1 10 2 0
1 10 2 0
1 10 2 0
1 10 2 0
1 10 2 0
1 10 2 0
1 10 2 0
1 10 2 0
0 1 2 0
0 28 3 0
0 168 25 0
0 215 141 70
0 53 0 0
0 104 53 0
0 307 1 1
0 307 1 1
0 307 1 1
0 497 3 0
0 258 25 0
2 532 50 0
1 7 6 0
0 42 3 0
1 57 0 0
1 57 0 0
2 716 31 0
5 434 130 7
5 167 116 55
0 11 5 0
0 8 11 5
0 -1 29 12
0 857 10 0
0 16 16 0
0 39 5 0
1 9 9 0
0 39 5 0
0 4 8 0
0 32 37 0
0 4 8 0
0 4 8 0
0 39 5 0
0 1 2 0
0 150 103 11
0 150 103 11
0 841 327 11
1 66 62 31
0 126 89 41
0 27 32 11
5 360 0 0
0 12 17 9
0 363 187 8
0 363 187 8
0 41 31 0
0 335 87 6
0 7 6 0
0 4 8 0
1 5 0 0
1 39 5 0
4 14 7 0
4 14 7 0
0 41 31 0
0 41 31 0
0 75 0 0
0 41 31 0
0 146 99 53
0 123 3 0
0 66 62 31
0 200 132 64
5 25 30 18
1 129 41 6
0 4 8 0
0 253 56 0
1 134 13 4
0 75 0 0
0 121 14 0
0 7 6 0
0 1 2 0
0 1 2 0
0 107 14 0
0 206 104 4
0 141 5 0
0 149 102 43
0 3 3 0
0 750 23 0
1 242 0 0
0 24 21 0
1 1075 13 4
0 941 65 0
1 14 7 0
1 57 0 0
1 57 0 0
0 64 1 1
0 64 1 1
0 49 46 25
0 28 3 0
0 3 3 0
2 259 3 0
0 766 8 0
0 338 8 0
0 338 8 0
0 338 8 0
4 69 1 1
1 43 19 7
0 660 0 0
0 219 148 20
2 219 148 20
2 219 148 20
1 23 27 13
0 235 122 0
5 130 9 0
1 134 13 4
0 298 5 0
0 550 113 54
1 29 13 4
3 37 35 19
0 40 1 1
0 200 132 64
0 27 32 11
15 171 5 0
0 72 0 0
0 60 39 0
0 -1 0 0
0 163 5 0
0 27 32 11
1 982 3 0
0 4 8 0
1 129 41 6
1 14 7 0
1 57 0 0
0 4 8 0
0 16 16 0
0 29 13 4
2 34 24 21
0 1 2 0
0 37 35 19
0 0 4 2
0 14 7 0
0 27 32 11
0 603 5 0
0 22 1 1
1 469 58 0
0 50 10 0
0 9 9 0
2 8 11 5
2 8 11 5
0 12 17 9
0 65 55 0
0 19 18 0
0 19 18 0
0 17 10 0
0 9 9 0
0 6 1 1
0 6 1 1
0 523 0 0
0 86 12 0
11 480 229 7
0 8 11 5
4 36 2 0
1 5 0 0
1 28 3 0
0 22 1 1
0 345 13 4
0 4 8 0
0 4 8 0
0 32 37 0
0 4 8 0
0 4 8 0
0 4 8 0
0 4 8 0
0 4 8 0
0 4 8 0
0 7 6 0
0 61 33 0
0 6 1 1
0 103 56 0
2 -1 7 0
0 7 6 0
0 9 9 0
3 76 67 32
0 45 0 0
0 1 2 0
0 51 0 0
0 1 2 0
0 1 2 0
0 1 2 0
7 23 27 13
7 23 27 13
7 23 27 13
7 23 27 13
0 8 11 5
0 73 63 8
0 65 55 0
0 1 2 0
0 56 0 0
0 1 2 0
0 1 2 0
0 97 0 0
7 20 26 15
10 62 0 0
10 62 0 0
14 62 0 0
10 62 0 0
10 62 0 0
14 62 0 0
14 62 0 0
0 248 92 0
0 9 9 0
0 39 5 0
0 43 19 7
0 25 30 18
0 25 30 18
1 5 0 0
1 10 2 0
2 33 38 8
0 42 3 0
0 78 47 0
0 61 33 0
1 112 25 0
0 310 173 34
0 112 25 0
0 310 173 34
0 310 173 34
0 310 173 34
0 184 101 0
5 297 58 0
1 24 21 0
0 153 106 3
0 153 106 3
0 153 106 3
0 153 106 3
0 153 106 3
0 153 106 3
5 153 106 3
0 153 106 3
0 153 106 3
0 55 49 28
0 43 19 7
0 -1 19 7
0 -1 19 7
0 -1 1 1
2 758 174 9
2 1017 333 9
0 1 2 0
0 1 2 0
0 1 2 0
0 9 9 0
0 0 4 2
0 7 6 0
15 601 1 1
0 36 2 0
0 85 9 0
0 8 11 5
0 20 26 15
0 -1 29 12
0 20 26 15
0 20 26 15
0 20 26 15
0 20 26 15
0 20 26 15
0 20 26 15
0 20 26 15
0 20 26 15
0 20 26 15
0 20 26 15
0 20 26 15
0 20 26 15
0 20 26 15
0 20 26 15
1 5 0 0
0 4 8 0
1 88 71 10
3 445 258 19
3 27 32 11
3 27 32 11
2 67 1 1
1 129 41 6
1 129 41 6
1 129 41 6
1 129 41 6
1 129 41 6
1 129 41 6
0 178 66 6
0 16 16 0
0 20 26 15
2 896 5 0
1 3 3 0
0 107 14 0
0 866 25 0
0 107 14 0
0 79 16 0
0 4 8 0
0 79 16 0
0 -1 0 0
0 -1 0 0
0 136 97 47
0 378 60 0
0 17 10 0
2 165 0 0
0 460 23 0
2 56 0 0
0 1 2 0
2 51 0 0
0 9 9 0
0 53 0 0
0 63 57 20
0 63 57 20
0 114 90 20
4 36 2 0
0 315 21 0
0 24 21 0
0 0 4 2
0 137 94 50
0 137 94 50
0 137 94 50
0 137 94 50
0 137 94 50
0 137 94 50
0 137 94 50
0 31 14 0
2 248 92 0
0 136 97 47
0 22 1 1
0 218 0 0
0 7 6 0
0 8 11 5
0 8 11 5
0 8 11 5
0 20 26 15
0 8 11 5
0 8 11 5
0 8 11 5
0 929 10 0
1 118 13 4
0 196 60 0
1 29 13 4
0 9 9 0
1 2 0 0
1 2 0 0
1 2 0 0
1 2 0 0
1 2 0 0
1 2 0 0
1 2 0 0
1 2 0 0
1 2 0 0
1 2 0 0
1 2 0 0
0 82 10 0
0 144 5 0
0 23 27 13
0 162 14 0
3 23 27 13
2 49 46 25
3 0 4 2
0 85 9 0
0 65 55 0
0 6 1 1
0 53 0 0
0 46 44 3
0 1 2 0
0 9 9 0
0 205 14 0
0 489 14 0
1 28 3 0
0 138 98 6
2 138 98 6
1 5 0 0
0 213 3 0
0 -1 1 1
0 52 23 0
11 459 231 110
4 22 1 1
0 980 34 0
0 410 0 0
0 6 1 1
0 367 157 4
0 983 70 4
0 132 13 4
0 49 46 25
0 66 62 31
0 34 24 21
0 92 75 36
0 58 52 8
0 114 90 20
0 4 8 0
0 366 202 7
0 12 17 9
0 23 27 13
0 385 128 72
0 273 172 13
0 57 0 0
1 54 48 27
0 45 0 0
2 146 99 53
1 28 3 0
0 220 0 0
0 621 18 0
0 -1 29 12
0 -1 29 12
0 -1 29 12
0 -1 29 12
0 -1 29 12
0 13 15 3
0 1 2 0
2 165 0 0
0 1068 14 0
0 43 19 7
0 17 14 0
12 4 8 0
0 232 0 0
0 11 5 0
0 11 5 0
0 11 5 0
0 11 5 0
0 11 5 0
0 11 5 0
0 11 5 0
0 11 5 0
0 11 5 0
0 11 5 0
0 11 5 0
0 11 5 0
0 11 5 0
0 11 5 0
0 11 5 0
0 11 5 0
0 11 5 0
0 11 5 0
0 11 5 0
0 11 5 0
0 11 5 0
0 11 5 0
0 735 7 0
0 895 51 0
0 1 2 0
0 8 11 5
0 6 1 1
0 1 2 0
0 34 24 21
0 12 17 9
0 93 34 0
0 92 75 36
0 92 75 36
0 3 3 0
4 32 37 0
0 22 1 1
2 559 2 0
0 509 12 0
0 1 2 0
0 63 57 20
0 937 50 0
0 872 1 1
16 134 13 4
0 27 32 11
0 772 305 13
1 25 30 18
0 19 18 0
0 156 50 0
0 94 77 40
0 58 52 8
1 5 0 0
0 17 10 0
7 50 10 0
3 -1 177 14
0 411 65 0
0 92 75 36
0 148 50 0
3 47 45 23
0 0 4 2
0 0 4 2
0 0 4 2
0 0 4 2
0 0 4 2
0 7 6 0
0 3 3 0
0 3 3 0
0 7 6 0
0 3 3 0
1 345 13 4
0 30 36 17
9 -1 92 0
0 73 63 8
0 40 1 1
0 65 55 0
1 949 3 0
0 23 27 13
0 58 52 8
0 163 5 0
0 24 21 0
1 68 61 29
1 -1 19 7
1 196 60 0
0 39 5 0
0 420 86 0
3 203 134 68
5 80 24 37
0 120 54 12
0 52 23 0
0 317 83 0
0 1 2 0
2 168 25 0
0 6 1 1
1 72 0 0
0 1 2 0
0 97 0 0
1 17 10 0
0 46 44 3
0 25 30 18
0 25 30 18
0 25 30 18
0 25 30 18
0 25 30 18
0 25 30 18
0 25 30 18
1 78 47 0
0 0 4 2
0 21 0 0
0 30 36 17
0 30 36 17
0 30 36 17
0 30 36 17
0 30 36 17
0 30 36 17
0 30 36 17
0 30 36 17
0 30 36 17
0 30 36 17
0 30 36 17
0 30 36 17
0 30 36 17
0 30 36 17
0 30 36 17
0 30 36 17
0 30 36 17
0 112 25 0
0 187 53 0
0 110 84 0
0 55 49 28
0 8 11 5
0 -1 6 0
0 152 0 0
2 21 0 0
2 141 5 0
0 41 31 0
2 14 7 0
1 53 0 0
1 5 0 0
8 369 0 0
0 6 1 1
0 22 1 1
0 22 1 1
0 22 1 1
0 22 1 1
0 22 1 1
0 22 1 1
0 22 1 1
0 22 1 1
0 22 1 1
0 22 1 1
0 22 1 1
0 22 1 1
0 22 1 1
0 22 1 1
1 288 133 6
0 6 1 1
0 0 4 2
0 0 4 2
0 0 4 2
0 0 4 2
0 21 0 0
0 71 1 1
1 3 12 0
1 35 7 0
1 35 7 0
1 3 12 0
1 3 12 0
0 -1 78 35
0 40 1 1
5 40 1 1
0 108 1 1
0 289 92 0
0 42 3 0
0 4 8 0
0 36 2 0
0 78 47 0
0 308 34 0
0 1 2 0
0 1 2 0
2 876 6 0
0 1 2 0
0 6 1 1
0 191 25 0
0 7 6 0
4 388 228 100
0 38 40 22
0 38 40 22
0 921 0 0
0 4 8 0
2 619 47 0
4 5 0 0
0 1 2 0
0 19 18 0
0 846 33 0
0 6 1 1
0 634 7 0
0 81 14 0
0 1 2 0
0 98 79 11
0 98 79 11
0 16 16 0
1 5 0 0
0 31 14 0
0 17 10 0
2 149 102 43
2 149 102 43
0 83 1 1
0 6 1 1
0 83 1 1
0 6 1 1
0 6 1 1
0 83 1 1
0 70 41 6
0 3 3 0
0 4 8 0
0 4 8 0
0 4 8 0
0 328 55 0
1 58 52 8
0 58 52 8
0 1 2 0
2 96 34 0
11 104 53 0
0 270 10 0
0 128 70 4
0 50 10 0
0 300 21 0
0 61 33 0
0 46 44 3
0 267 170 18
0 706 31 0
0 161 111 46
0 939 42 16
3 26 28 14
3 25 30 18
0 7 6 0
0 7 6 0
0 160 50 0
0 7 6 0
4 7 6 0
0 26 28 14
0 28 3 0
0 4 8 0
5 49 46 25
0 417 34 0
0 11 5 0
15 -1 29 12
0 110 84 0
0 110 84 0
2 474 121 0
0 323 13 4
0 29 13 4
0 29 13 4
0 29 13 4
0 29 13 4
1 54 48 27
0 87 3 0
0 4 8 0
0 50 10 0
0 6 1 1
1 19 18 0
1 19 18 0
1 19 18 0
1 19 18 0
2 454 12 0
0 67 1 1
0 160 50 0
0 83 1 1
0 227 13 4
0 283 158 4
0 283 158 4
0 367 157 4
2 6 1 1
1 5 0 0
0 4 8 0
0 31 14 0
2 353 9 0
1 5 0 0
0 6 1 1
20 6 1 1
0 9 9 0
1 3 3 0
0 460 23 0
0 86 12 0
0 7 6 0
0 7 6 0
0 7 6 0
0 7 6 0
0 -1 86 0
0 7 6 0
0 7 6 0
0 7 6 0
0 7 6 0
0 7 6 0
0 7 6 0
0 7 6 0
0 214 143 66
0 1 2 0
3 89 73 38
0 1031 234 16
0 13 15 3
0 109 81 0
1 5 0 0
5 24 21 0
0 0 4 2
0 443 252 20
0 11 5 0
0 4 8 0
0 32 37 0
5 32 37 0
0 39 5 0
0 32 37 0
0 124 12 0
0 32 37 0
0 334 21 0
1 45 0 0
0 7 6 0
0 24 21 0
0 888 336 59
0 16 16 0
0 3 3 0
0 17 10 0
0 16 16 0
0 16 16 0
0 16 16 0
0 16 16 0
0 17 10 0
0 198 0 0
0 251 82 0
0 16 16 0
0 16 16 0
0 158 23 0
23 125 0 0
0 326 205 89
0 59 3 0
8 139 13 4
0 83 1 1
0 398 211 103
0 11 5 0
1 89 73 38
1 89 73 38
1 89 73 38
1 89 73 38
1 89 73 38
1 89 73 38
0 7 6 0
0 40 1 1
0 130 9 0
0 154 10 0
1 7 6 0
0 1026 25 0
0 244 3 0
0 247 1 1
2 110 84 0
0 49 46 25
0 -1 34 0
0 924 56 0
0 3 3 0
0 1 2 0
0 3 3 0
0 3 3 0
2 240 161 16
0 19 18 0
0 33 38 8
1 58 52 8
0 58 52 8
0 33 38 8
11 5 0 0
0 13 15 3
0 13 15 3
0 13 15 3
0 13 15 3
0 13 15 3
0 13 15 3
0 13 15 3
0 13 15 3
0 13 15 3
0 13 15 3
0 13 15 3
0 13 15 3
0 13 15 3
0 13 15 3
1 10 2 0
1 45 0 0
1 10 2 0
1 10 2 0
1 10 2 0
1 10 2 0
1 10 2 0
1 10 2 0
1 10 2 0
1 10 2 0
1 10 2 0
1 10 2 0
1 10 2 0
1 45 0 0
1 10 2 0
1 10 2 0
1 10 2 0
1 10 2 0
1 10 2 0
1 10 2 0
0 139 146 0
1 5 0 0
2 468 0 0
0 245 150 71
0 74 12 0
0 -1 1 1
0 284 60 0
0 3 3 0
0 3 3 0
1 78 47 0
0 4 8 0
0 17 10 0
0 173 81 0
0 96 34 0
0 7 6 0
0 99 85 42
0 540 5 0
0 456 3 0
0 1 2 0
0 4 8 0
0 70 41 6
0 37 35 19
0 93 34 0
0 60 39 0
0 24 21 0
0 19 18 0
1 5 0 0
0 32 37 0
0 60 39 0
0 114 90 20
0 -1 29 12
1 56 0 0
0 0 4 2
0 0 4 2
0 0 4 2
0 0 4 2
0 816 18 0
0 158 23 0
0 28 3 0
0 1 2 0
0 691 58 0
0 1 2 0
0 186 23 0
0 0 4 2
0 1025 25 0
13 -1 156 0
1 -1 1 1
7 202 2 0
2 164 1 1
1 99 85 42
0 102 51 0
0 104 53 0
1 5 0 0
0 658 3 0
5 502 198 8
2 195 33 0
0 104 53 0
0 32 37 0
11 522 246 58
0 43 19 7
0 38 40 22
0 -1 25 0
0 230 6 0
0 16 16 0
1 96 34 0
0 95 76 4
0 38 40 22
0 33 38 8
0 33 38 8
0 33 38 8
0 33 38 8
0 58 52 8
0 79 16 0
0 4 8 0
0 4 8 0
1 48 42 16
0 291 130 7
0 13 15 3
0 15 20 3
0 13 15 3
7 13 15 3
0 344 3 0
1 43 19 7
4 522 246 58
0 -1 3 0
4 5 0 0
12 110 84 0
0 468 0 0
0 63 57 20
0 63 57 20
3 976 337 13
0 67 1 1
0 64 1 1
0 996 146 0
4 210 140 58
0 -1 29 12
0 31 14 0
0 19 18 0
5 25 30 18
0 287 95 75
0 287 95 75
2 433 10 0
0 3 3 0
0 462 10 0
0 0 4 2
1 56 0 0
0 7 6 0
0 305 31 0
0 41 31 0
0 41 31 0
0 27 32 11
0 102 51 0
0 22 1 1
0 16 16 0
0 16 16 0
0 17 10 0
0 3 3 0
0 21 0 0
0 16 16 0
2 117 64 0
1 132 13 4
1 56 0 0
2 615 275 119
0 1 2 0
1 14 7 0
1 57 0 0
1 14 7 0
1 57 0 0
1 57 0 0
1 57 0 0
1 14 7 0
1 57 0 0
1 14 7 0
1 14 7 0
1 57 0 0
1 14 7 0
0 1 2 0
1 14 7 0
0 129 41 6
0 17 10 0
0 -1 3 0
0 958 0 0
0 7 6 0
2 28 3 0
0 67 1 1
0 39 5 0
0 9 9 0
0 9 9 0
0 85 9 0
0 1 2 0
0 1 2 0
0 52 23 0
0 231 3 0
0 7 6 0
0 9 9 0
0 3 3 0
0 9 9 0
0 7 6 0
0 3 3 0
0 81 14 0
0 43 19 7
0 61 33 0
0 0 4 2
0 762 122 0
16 22 1 1
0 11 5 0
7 139 146 0
0 24 21 0
1 5 0 0
1 28 3 0
2 32 37 0
1 28 3 0
0 322 9 0
0 88 71 10
0 88 71 10
0 288 133 6
0 528 0 0
0 123 3 0
1 25 30 18
0 101 33 0
0 911 58 0
1 719 157 4
0 112 25 0
0 700 56 0
0 109 81 0
0 6 1 1
0 83 1 1
0 83 1 1
0 83 1 1
0 83 1 1
0 21 0 0
1 209 18 0
5 39 5 0
0 9 9 0
0 46 44 3
0 41 31 0
0 32 37 0
0 166 115 61
0 14 7 0
5 14 7 0
0 14 7 0
4 26 28 14
2 54 48 27
0 23 27 13
0 23 27 13
0 23 27 13
0 23 27 13
0 23 27 13
0 23 27 13
0 23 27 13
0 23 27 13
0 23 27 13
0 23 27 13
0 23 27 13
0 23 27 13
0 1009 329 13
0 533 249 13
0 533 249 13
0 38 40 22
0 247 1 1
0 71 1 1
0 71 1 1
0 71 1 1
0 249 239 106
1 5 0 0
0 288 133 6
0 46 44 3
0 21 0 0
0 1 2 0
0 6 1 1
0 22 1 1
0 22 1 1
0 40 1 1
0 12 17 9
2 46 44 3
5 132 13 4
0 14 7 0
9 142 7 0
0 63 57 20
3 26 28 14
0 776 306 10
4 16 16 0
0 42 3 0
0 1 2 0
0 254 136 7
0 761 14 0
0 985 68 0
0 4 8 0
0 6 1 1
0 1 2 0
0 56 0 0
0 16 16 0
1 55 49 28
1 18 22 10
0 21 0 0
0 4 8 0
0 4 8 0
0 107 14 0
0 352 53 0
0 16 16 0
0 0 4 2
1 230 6 0
1 183 5 0
1 43 19 7
3 26 28 14
3 26 28 14
1 6 1 1
1 3 12 0
0 -1 131 17
1 35 7 0
0 6 1 1
1 35 7 0
1 35 7 0
0 6 1 1
0 100 80 30
0 188 126 34
0 40 1 1
1 35 7 0
1 3 12 0
1 3 12 0
0 40 1 1
0 48 42 16
0 538 13 4
0 44 43 24
0 201 16 0
1 3 12 0
1 53 0 0
0 -1 19 7
0 20 26 15
0 20 26 15
0 8 11 5
0 8 11 5
0 8 11 5
0 8 11 5
0 20 26 15
0 20 26 15
0 8 11 5
0 25 30 18
0 14 7 0
0 757 23 0
0 119 7 0
0 112 25 0
1 40 1 1
1 96 34 0
0 7 6 0
0 7 6 0
0 92 75 36
0 66 62 31
0 92 75 36
0 299 179 82
0 0 4 2
0 0 4 2
0 0 4 2
0 0 4 2
1 77 69 26
1 90 72 26
1 77 69 26
1 90 72 26
1 90 72 26
1 90 72 26
1 90 72 26
1 77 69 26
1 20 26 15
1 77 69 26
1 20 26 15
1 20 26 15
1 90 72 26
1 90 72 26
1 90 72 26
1 77 69 26
1 90 72 26
0 1 2 0
0 80 24 37
0 801 70 4
1 510 13 4
0 7 6 0
0 0 4 2
0 19 18 0
0 1 2 0
0 1 2 0
0 36 2 0
1 99 85 42
0 292 176 80
1 45 0 0
0 240 161 16
1 78 47 0
0 255 87 6
0 27 32 11
1 55 49 28
0 56 0 0
0 34 24 21
0 77 69 26
0 90 72 26
0 90 72 26
0 41 31 0
0 26 28 14
0 49 46 25
0 49 46 25
0 49 46 25
7 21 0 0
1 78 47 0
0 25 30 18
3 262 10 0
0 147 100 6
0 323 13 4
0 37 35 19
1 313 13 4
0 100 80 30
1 45 0 0
1 10 2 0
1 10 2 0
1 10 2 0
1 10 2 0
1 10 2 0
1 10 2 0
1 10 2 0
1 10 2 0
1 10 2 0
1 10 2 0
1 45 0 0
1 10 2 0
1 10 2 0
1 10 2 0
1 10 2 0
1 10 2 0
1 10 2 0
1 10 2 0
1 10 2 0
1 10 2 0
1 10 2 0
0 9 9 0
0 41 31 0
1 25 30 18
3 23 27 13
0 58 52 8
0 58 52 8
0 33 38 8
0 33 38 8
2 14 7 0
0 83 1 1
2 1078 296 34
0 29 13 4
2 159 105 49
0 365 6 0
0 0 4 2
0 6 1 1
2 874 331 120
0 20 26 15
0 140 31 0
0 52 23 0
0 198 0 0
0 88 71 10
0 968 356 24
1 96 34 0
1 31 14 0
1 24 21 0
1 31 14 0
1 24 21 0
0 43 19 7
0 43 19 7
0 43 19 7
0 43 19 7
1 -1 19 7
0 -1 19 7
0 256 155 7
5 256 155 7
0 40 1 1
0 278 25 0
0 116 88 44
0 1042 372 43
0 86 12 0
0 99 85 42
0 180 35 19
0 4 8 0
0 52 23 0
0 43 19 7
1 67 1 1
0 21 0 0
0 60 39 0
1 53 0 0
1 473 3 0
1 5 0 0
3 8 11 5
0 39 5 0
2 1034 56 0
4 6 1 1
7 26 28 14
0 1 2 0
1 39 5 0
0 66 62 31
1 2 0 0
0 127 91 39
0 0 4 2
0 0 4 2
0 0 4 2
0 -1 365 47
14 62 0 0
10 62 0 0
0 4 8 0
0 494 181 4
1 175 114 3
0 1035 0 0
0 139 13 4
1 5 0 0
0 -1 19 7
7 49 46 25
0 1 2 0
0 1 2 0
0 56 0 0
0 1 2 0
0 226 0 0
0 3 3 0
0 1076 47 0
0 51 0 0
0 0 4 2
0 0 4 2
0 0 4 2
3 151 110 20
0 41 31 0
0 828 47 0
0 31 14 0
0 78 47 0
0 24 21 0
0 31 14 0
2 97 0 0
0 32 37 0
0 36 2 0
2 275 104 4
0 0 4 2
1 59 3 0
0 178 66 6
1 1037 59 6
0 351 51 0
1 65 55 0
1 159 105 49
0 0 4 2
0 286 166 81
1 2 0 0
1 81 14 0
3 26 28 14
0 271 171 3
3 399 222 14
0 893 269 14
6 215 141 70
6 1044 5 0
6 478 9 0
6 234 164 35
1 267 170 18
0 19 18 0
0 40 1 1
6 -1 149 51
6 516 147 0
0 -1 9 0
0 1 2 0
0 157 108 48
0 307 7 0
5 67 1 1
0 269 12 0
5 43 19 7
1 221 0 0
0 221 0 0
0 3 3 0
0 133 23 0
0 109 81 0
0 4 8 0
0 133 23 0
0 21 0 0
0 21 0 0
0 1 2 0
0 91 74 33
0 525 7 0
0 -1 29 12
0 22 1 1
0 6 1 1
0 132 13 4
1 -1 19 7
2 246 109 7
1 48 42 16
1 43 19 7
3 27 32 11
0 38 40 22
0 339 87 6
1 -1 244 7
1 0 4 2
1 0 4 2
1 0 4 2
0 1 2 0
8 442 10 0
0 130 9 0
0 70 41 6
0 291 130 7
2 655 12 0
0 6 1 1
0 55 49 28
0 0 4 2
0 675 289 133
3 122 59 6
3 1083 377 14
0 589 3 0
4 47 45 23
0 799 180 32
24 142 7 0
3 44 43 24
3 223 137 14
0 286 166 81
0 47 45 23
0 47 45 23
0 47 45 23
0 47 45 23
0 47 45 23
0 47 45 23
0 47 45 23
0 47 45 23
0 47 45 23
0 7 6 0
0 664 7 0
0 16 16 0
0 13 15 3
0 73 63 8
0 33 38 8
0 33 38 8
0 58 52 8
0 33 38 8
3 15 20 3
3 15 20 3
0 8 11 5
0 8 11 5
0 8 11 5
0 999 267 39
8 607 42 16
0 3 3 0
0 8 11 5
0 7 6 0
0 342 196 6
0 352 53 0
1 57 0 0
1 14 7 0
1 57 0 0
1 14 7 0
1 57 0 0
1 14 7 0
1 14 7 0
1 57 0 0
1 57 0 0
1 14 7 0
1 14 7 0
1 14 7 0
1 57 0 0
1 57 0 0
0 154 10 0
0 96 34 0
0 1 2 0
1 0 4 2
6 185 125 67
6 39 5 0
0 82 10 0
0 31 14 0
0 24 21 0
0 196 60 0
0 196 60 0
0 196 60 0
0 17 10 0
0 17 10 0
0 228 6 0
0 228 6 0
0 154 10 0
0 228 6 0
0 9 9 0
0 228 6 0
0 154 10 0
0 64 1 1
0 0 4 2
0 701 41 6
0 67 1 1
0 0 4 2
0 16 16 0
0 53 0 0
0 314 3 0
0 3 3 0
0 314 3 0
0 125 0 0
0 125 0 0
0 7 6 0
2 42 3 0
0 8 11 5
0 181 123 16
0 9 9 0
1 5 0 0
15 37 35 19
6 107 14 0
6 471 5 0
6 100 80 30
6 279 5 0
6 38 40 22
6 476 235 93
6 471 5 0
0 390 364 13
6 -1 311 62
0 145 39 0
0 14 7 0
0 6 1 1
0 67 1 1
0 17 10 0
0 87 3 0
0 60 39 0
1 5 0 0
2 6 1 1
0 8 11 5
0 31 14 0
8 390 50 0
0 162 14 0
0 81 14 0
1 151 110 20
0 27 32 11
0 39 5 0
0 125 0 0
0 67 1 1
6 200 132 64
6 30 36 17
6 51 0 0
6 37 35 19
6 36 2 0
6 58 52 8
6 41 31 0
0 368 197 86
6 238 151 39
6 19 18 0
0 48 42 16
1 5 0 0
0 620 12 0
1 5 0 0
0 25 30 18
2 -1 1 1
1 5 0 0
3 0 4 2
6 7 6 0
6 80 24 37
6 3 3 0
2 147 100 6
0 -1 0 0
0 202 2 0
0 72 0 0
0 -1 0 0
7 8 11 5
0 95 76 4
1 2 0 0
0 340 34 0
0 1 2 0
0 194 41 6
0 0 4 2
1 5 0 0
0 147 100 6
0 4 8 0
0 47 45 23
0 32 37 0
0 213 3 0
0 17 10 0
0 24 21 0
1 2 0 0
1 2 0 0
1 2 0 0
1 2 0 0
1 2 0 0
1 2 0 0
1 2 0 0
1 2 0 0
1 2 0 0
1 2 0 0
0 189 3 0
1 43 19 7
0 215 141 70
0 42 3 0
0 552 257 101
0 29 13 4
0 52 23 0
0 45 0 0
0 1 2 0
0 1 2 0
0 21 0 0
0 1 2 0
0 8 11 5
0 8 11 5
0 8 11 5
0 8 11 5
1 10 2 0
1 10 2 0
1 10 2 0
1 10 2 0
1 45 0 0
1 45 0 0
1 45 0 0
1 10 2 0
1 10 2 0
1 10 2 0
1 10 2 0
1 10 2 0
1 10 2 0
1 10 2 0
1 10 2 0
1 10 2 0
1 10 2 0
1 10 2 0
0 23 27 13
0 23 27 13
0 25 30 18
2 25 30 18
6 3 3 0
6 23 27 13
6 1 2 0
0 824 47 0
0 28 3 0
0 46 44 3
0 184 101 0
0 16 16 0
0 229 18 0
0 1082 0 0
1 13 15 3
0 7 6 0
0 7 6 0
0 7 6 0
0 4 8 0
0 32 37 0
0 4 8 0
0 52 23 0
0 203 134 68
0 203 134 68
0 79 16 0
0 21 0 0
0 23 27 13
2 -1 6 0
1 5 0 0
0 6 1 1
0 6 1 1
0 67 1 1
0 498 0 0
0 317 83 0
2 152 0 0
0 535 0 0
0 610 273 13
1 18 22 10
1 162 14 0
0 215 141 70
1 45 0 0
0 -1 1 1
0 0 4 2
0 3 3 0
0 1 2 0
0 32 37 0
0 17 10 0
0 17 10 0
0 17 10 0
0 17 10 0
0 24 21 0
0 19 18 0
0 9 9 0
1 2 0 0
0 337 3 0
0 7 6 0
0 15 20 3
0 15 20 3
0 13 15 3
0 13 15 3
0 13 15 3
0 15 20 3
0 90 72 26
0 100 80 30
1 100 80 30
1 729 298 30
5 172 5 0
0 53 0 0
0 292 176 80
0 19 18 0
0 39 5 0
1 106 58 0
0 128 70 4
0 11 5 0
1 66 62 31
0 -1 25 0
0 29 13 4
1 54 48 27
6 -1 294 22
0 797 0 0
1 148 50 0
0 28 3 0
2 118 13 4
1 56 0 0
0 34 24 21
0 34 24 21
0 34 24 21
0 34 24 21
0 34 24 21
0 34 24 21
0 34 24 21
0 34 24 21
0 71 1 1
0 115 66 6
0 499 68 0
0 95 76 4
0 19 18 0
3 144 5 0
0 127 91 39
0 126 89 41
0 126 89 41
0 262 10 0
0 280 1 1
0 262 10 0
0 353 9 0
3 26 28 14
0 38 40 22
0 38 40 22
0 38 40 22
0 73 63 8
0 73 63 8
0 541 195 8
0 33 38 8
0 73 63 8
0 33 38 8
0 73 63 8
0 73 63 8
0 73 63 8
0 -1 255 8
0 73 63 8
0 73 63 8
0 73 63 8
0 33 38 8
0 73 63 8
0 73 63 8
0 73 63 8
0 58 52 8
0 73 63 8
0 73 63 8
1 250 12 0
0 16 16 0
0 1 2 0
1 325 184 7
2 43 19 7
0 271 171 3
0 165 0 0
6 1 2 0
6 682 290 62
0 138 98 6
1 188 126 34
0 542 254 99
9 -1 92 0
0 58 52 8
0 566 63 8
0 33 38 8
0 581 195 8
0 541 195 8
0 33 38 8
0 33 38 8
0 58 52 8
0 58 52 8
0 33 38 8
0 33 38 8
0 58 52 8
0 -1 214 8
0 33 38 8
0 632 198 8
0 33 38 8
0 33 38 8
0 904 255 8
0 33 38 8
0 -1 214 8
0 33 38 8
0 263 165 78
0 113 60 0
0 294 0 0
0 3 3 0
3 617 352 115
0 42 3 0
0 -1 25 0
1 140 31 0
0 42 3 0
0 79 16 0
0 250 12 0
0 24 21 0
0 1018 9 0
0 144 5 0
0 20 26 15
0 15 20 3
0 301 160 73
0 301 160 73
0 301 160 73
0 301 160 73
0 618 158 4
1 590 3 0
0 769 304 11
0 145 39 0
3 8 11 5
0 7 6 0
3 47 45 23
0 868 51 0
0 107 14 0
1 1000 42 16
0 21 0 0
5 50 10 0
10 12 17 9
10 12 17 9
10 12 17 9
3 26 28 14
10 12 17 9
35 23 27 13
0 51 0 0
0 184 101 0
0 25 30 18
0 20 26 15
0 9 9 0
1 14 7 0
0 61 33 0
2 806 3 0
7 0 4 2
0 88 71 10
0 3 3 0
0 56 0 0
22 62 0 0
22 62 0 0
0 80 24 37
3 23 27 13
1 18 22 10
1 18 22 10
1 18 22 10
1 18 22 10
1 18 22 10
1 18 22 10
1 18 22 10
1 18 22 10
1 18 22 10
1 18 22 10
1 18 22 10
1 18 22 10
1 18 22 10
1 18 22 10
1 18 22 10
1 18 22 10
1 18 22 10
1 18 22 10
0 19 18 0
0 250 12 0
7 21 0 0
0 496 7 0
0 11 5 0
1 51 0 0
4 659 33 0
0 21 0 0
0 31 14 0
0 17 10 0
0 24 21 0
0 17 10 0
0 31 14 0
1 5 0 0
6 80 24 37
0 780 14 0
0 31 14 0
0 34 24 21
1 5 0 0
1 163 5 0
1 25 30 18
0 50 10 0
0 65 55 0
1 29 13 4
1 183 5 0
0 1 2 0
7 73 63 8
7 575 324 8
7 73 63 8
7 73 63 8
0 252 152 16
0 252 152 16
0 252 152 16
0 252 152 16
0 711 12 0
0 48 42 16
0 48 42 16
0 48 42 16
0 48 42 16
0 48 42 16
1 246 109 7
1 28 3 0
0 521 47 0
0 0 4 2
0 0 4 2
0 0 4 2
0 0 4 2
0 0 4 2
0 0 4 2
0 0 4 2
0 375 23 0
0 -1 3 0
8 15 20 3
0 3 3 0
0 3 3 0
0 520 240 16
0 139 13 4
0 29 13 4
0 95 76 4
0 29 13 4
0 7 6 0
0 25 30 18
0 592 10 0
0 -1 19 7
0 493 182 6
5 26 28 14
2 205 142 0
0 37 35 19
3 698 9 0
3 26 28 14
0 0 4 2
0 27 32 11
28 285 175 23
0 32 37 0
0 1 2 0
0 76 67 32
5 100 80 30
1 156 50 0
1 109 81 0
1 101 33 0
1 101 33 0
1 101 33 0
1 101 33 0
1 101 33 0
0 796 2 0
17 529 68 0
0 52 23 0
2 67 1 1
0 37 35 19
0 1072 1 1
0 108 1 1
0 108 1 1
0 50 10 0
0 94 77 40
0 76 67 32
0 82 10 0
0 -1 29 12
0 -1 29 12
2 53 0 0
1 318 13 4
0 11 5 0
0 221 0 0
0 126 89 41
0 150 103 11
0 79 16 0
0 157 108 48
0 157 108 48
1 141 5 0
1 4 8 0
1 4 8 0
11 210 140 58
0 82 10 0
12 20 26 15
0 159 105 49
0 0 4 2
0 41 31 0
3 68 61 29
5 29 13 4
0 458 180 3
0 46 44 3
0 15 20 3
0 0 4 2
0 0 4 2
0 0 4 2
0 32 37 0
0 32 37 0
0 11 5 0
0 260 70 4
0 29 13 4
0 29 13 4
0 29 13 4
0 29 13 4
0 103 56 0
0 76 67 32
0 76 67 32
0 76 67 32
5 7 6 0
0 0 4 2
1 167 116 55
2 1047 9 0
0 287 95 75
1 5 0 0
0 27 32 11
0 27 32 11
0 27 32 11
0 27 32 11
0 28 3 0
0 3 3 0
0 3 3 0
0 44 43 24
0 70 41 6
0 13 15 3
0 124 12 0
0 124 12 0
0 107 14 0
1 93 34 0
0 6 1 1
0 164 1 1
0 83 1 1
0 0 4 2
0 94 77 40
0 4 8 0
0 123 3 0
0 4 8 0
0 4 8 0
0 41 31 0
0 4 8 0
0 4 8 0
1 113 60 0
0 374 2 0
0 428 0 0
13 60 39 0
0 6 1 1
1 5 0 0
2 42 3 0
0 68 61 29
1 2 0 0
0 73 63 8
0 24 21 0
0 122 59 6
0 430 33 0
0 21 0 0
1 54 48 27
2 113 60 0
0 1 2 0
2 36 2 0
0 308 34 0
0 96 34 0
34 4 8 0
1 935 217 0
0 0 4 2
1 10 2 0
6 -1 310 17
0 27 32 11
6 -1 238 17
8 75 0 0
0 27 32 11
2 681 277 7
7 95 76 4
3 241 0 0
6 80 24 37
5 9 9 0
0 7 6 0
3 77 69 26
1 53 0 0
0 993 51 0
0 49 46 25
0 16 16 0
1 204 135 56
1 557 34 0
0 69 1 1
0 15 20 3
0 15 20 3
0 13 15 3
0 17 10 0
0 52 23 0
1 138 98 6
0 239 2 0
0 111 68 0
1 88 71 10
0 6 1 1
0 6 1 1
5 12 17 9
0 31 14 0
0 82 10 0
0 283 158 4
0 249 5 0
0 9 9 0
0 4 8 0
0 72 0 0
0 7 6 0
0 41 31 0
0 82 10 0
1 2 0 0
1 2 0 0
1 2 0 0
1 2 0 0
1 2 0 0
1 2 0 0
1 2 0 0
1 2 0 0
1 2 0 0
1 2 0 0
1 2 0 0
0 19 18 0
0 17 10 0
2 194 41 6
0 0 4 2
0 0 4 2
0 0 4 2
0 0 4 2
0 0 4 2
0 0 4 2
0 65 55 0
6 77 69 26
0 1 2 0
0 55 49 28
0 55 49 28
0 55 49 28
0 55 49 28
0 55 49 28
0 55 49 28
0 55 49 28
0 1 2 0
0 26 28 14
0 46 44 3
0 3 3 0
0 276 18 0
8 3 3 0
0 173 65 0
0 916 10 0
0 1045 10 0
0 1067 6 0
0 108 1 1
3 72 0 0
0 7 6 0
0 165 0 0
2 72 0 0
0 356 1 1
0 21 0 0
0 0 4 2
0 12 17 9
0 85 9 0
15 312 109 7
0 19 18 0
0 98 79 11
0 27 32 11
0 27 32 11
0 56 0 0
13 75 0 0
0 687 217 0
0 14 7 0
0 4 8 0
0 19 18 0
0 -1 1 1
0 12 17 9
0 12 17 9
0 12 17 9
0 12 17 9
0 12 17 9
0 12 17 9
0 12 17 9
0 12 17 9
0 12 17 9
0 12 17 9
0 12 17 9
0 12 17 9
0 12 17 9
0 178 66 6
0 9 9 0
0 9 9 0
0 7 6 0
0 7 6 0
0 9 9 0
0 9 9 0
0 74 12 0
3 8 11 5
0 763 6 0
0 44 43 24
0 19 18 0
0 116 88 44
0 116 88 44
2 12 17 9
7 68 61 29
0 61 33 0
0 121 14 0
1 29 13 4
0 3 3 0
1 5 0 0
0 9 9 0
0 973 16 0
1 5 0 0
1 5 0 0
10 12 17 9
10 12 17 9
10 12 17 9
10 12 17 9
0 455 16 0
0 84 54 12
0 84 54 12
0 84 54 12
0 84 54 12
0 84 54 12
0 -1 -1 129
0 99 85 42
0 144 5 0
0 9 9 0
0 3 3 0
7 52 23 0
0 179 15 3
0 8 11 5
0 7 6 0
2 484 194 7
21 8 11 5
21 8 11 5
0 39 5 0
1 5 0 0
1 384 206 87
0 8 11 5
0 8 11 5
0 8 11 5
0 8 11 5
1 290 3 0
0 14 7 0
0 175 114 3
1 14 7 0
1 132 13 4
0 178 66 6
0 178 66 6
0 70 41 6
0 70 41 6
0 70 41 6
0 100 80 30
3 47 45 23
0 11 5 0
0 28 3 0
0 -1 19 7
3 6 1 1
3 26 28 14
3 1060 14 0
0 26 28 14
0 14 7 0
1 5 0 0
9 -1 92 0
0 9 9 0
0 4 8 0
0 212 78 35
0 -1 6 0
17 13 15 3
0 961 107 6
1 400 13 4
0 -1 29 12
0 53 0 0
1 0 4 2
1 0 4 2
3 0 4 2
3 0 4 2
2 55 49 28
0 782 378 34
5 13 15 3
0 548 256 41
0 126 89 41
0 82 10 0
0 126 89 41
0 548 256 41
0 126 89 41
0 126 89 41
0 126 89 41
0 154 10 0
0 220 0 0
0 58 52 8
0 11 5 0
13 0 4 2
0 11 5 0
3 415 215 13
3 415 215 13
0 22 1 1
0 4 8 0
0 250 12 0
1 83 1 1
0 6 1 1
1 -1 5 0
0 164 1 1
0 71 1 1
0 71 1 1
3 37 35 19
3 37 35 19
0 8 11 5
0 -1 29 12
0 44 43 24
0 1 2 0
0 1 2 0
0 28 3 0
0 31 14 0
0 3 3 0
0 31 14 0
0 3 3 0
0 117 64 0
0 19 18 0
0 31 14 0
0 0 4 2
0 33 38 8
0 8 11 5
0 8 11 5
0 8 11 5
0 20 26 15
0 8 11 5
0 8 11 5
0 8 11 5
0 8 11 5
0 8 11 5
0 8 11 5
0 8 11 5
0 8 11 5
0 8 11 5
0 8 11 5
0 8 11 5
0 8 11 5
0 8 11 5
0 8 11 5
0 8 11 5
0 450 227 97
0 48 42 16
0 9 9 0
5 33 38 8
0 49 46 25
0 55 49 28
1 -1 19 7
1 2 0 0
1 2 0 0
1 2 0 0
1 2 0 0
1 2 0 0
1 2 0 0
1 2 0 0
1 2 0 0
1 2 0 0
1 2 0 0
1 2 0 0
1 2 0 0
0 8 11 5
0 8 11 5
0 8 11 5
0 8 11 5
0 8 11 5
0 8 11 5
0 8 11 5
0 8 11 5
0 8 11 5
0 8 11 5
0 8 11 5
0 8 11 5
0 20 26 15
0 16 16 0
0 39 5 0
0 32 37 0
0 24 21 0
1 166 115 61
0 55 49 28
0 38 40 22
0 736 299 16
0 42 3 0
0 80 24 37
0 0 4 2
0 0 4 2
0 0 4 2
0 117 64 0
0 8 11 5
0 624 31 0
4 -1 29 12
0 28 3 0
0 32 37 0
3 8 11 5
3 8 11 5
3 111 68 0
3 111 68 0
1 28 3 0
0 162 14 0
0 36 2 0
1 9 9 0
1 5 0 0
0 27 32 11
0 311 12 0
0 19 18 0
0 19 18 0
8 6 1 1
2 40 1 1
0 -1 55 0
0 14 7 0
16 134 13 4
0 9 9 0
0 17 10 0
0 17 10 0
3 8 11 5
0 55 49 28
0 49 46 25
0 278 25 0
0 209 18 0
0 11 5 0
2 28 3 0
0 -1 156 0
1 83 1 1
1 113 1 1
1 582 1 1
0 113 60 0
0 117 64 0
0 4 8 0
0 21 0 0
2 1064 12 0
0 132 13 4
0 79 16 0
0 4 8 0
0 63 57 20
0 209 18 0
0 3 3 0
0 4 8 0
0 9 9 0
0 543 31 0
0 9 9 0
0 7 6 0
0 11 5 0
0 1 2 0
0 4 8 0
0 4 8 0
0 945 3 0
1 164 1 1
0 16 16 0
0 121 14 0
0 24 21 0
0 201 16 0
13 116 88 44
0 186 23 0
0 87 3 0
0 1080 7 0
0 4 8 0
0 486 7 0
0 186 23 0
0 4 8 0
0 4 8 0
0 4 8 0
0 6 1 1
0 331 56 0
0 869 39 0
0 24 21 0
0 427 39 0
0 19 18 0
0 31 14 0
0 19 18 0
0 31 14 0
0 24 21 0
0 82 10 0
0 82 10 0
0 82 10 0
0 82 10 0
0 82 10 0
4 16 16 0
0 7 6 0
2 21 0 0
16 134 13 4
0 12 17 9
0 264 145 9
0 61 33 0
0 11 5 0
0 355 128 7
0 63 57 20
0 63 57 20
0 63 57 20
0 16 16 0
1 48 42 16
0 12 17 9
0 42 3 0
0 9 9 0
8 49 46 25
0 651 10 0
1 2 0 0
1 74 12 0
1 101 33 0
1 74 12 0
0 34 24 21
0 3 3 0
0 361 159 16
0 37 35 19
7 42 3 0
0 19 18 0
0 12 17 9
0 67 1 1
0 15 20 3
0 128 70 4
0 128 70 4
0 917 2 0
0 21 0 0
0 95 76 4
0 95 76 4
0 276 18 0
1 244 3 0
0 703 21 0
0 1 2 0
0 1 2 0
0 17 10 0
0 1 2 0
0 1 2 0
1 2 0 0
0 473 3 0
0 3 3 0
0 6 1 1
0 16 16 0
0 1 2 0
19 36 2 0
0 21 0 0
0 329 6 0
0 4 8 0
0 4 8 0
0 61 33 0
0 1 2 0
0 38 40 22
0 41 31 0
0 4 8 0
0 6 1 1
0 95 76 4
0 6 1 1
1 546 8 0
1 597 270 18
8 32 37 0
1 177 65 0
0 17 10 0
0 61 33 0
0 67 1 1
0 43 19 7
0 150 103 11
0 28 3 0
0 112 25 0
1 3 3 0
1 5 0 0
0 102 51 0
0 281 34 0
0 196 60 0
0 852 34 0
0 4 8 0
0 7 6 0
1 400 13 4
0 31 14 0
0 111 68 0
0 4 8 0
0 0 4 2
0 0 4 2
1 236 3 0
7 891 7 0
0 -1 3 0
0 42 3 0
0 19 18 0
0 56 0 0
0 9 9 0
0 108 1 1
0 222 6 0
0 155 83 0
0 469 58 0
0 596 41 6
0 14 7 0
0 3 3 0
0 16 16 0
0 93 34 0
0 17 10 0
0 28 3 0
0 7 6 0
0 933 12 0
0 7 6 0
0 7 6 0
0 184 101 0
0 34 24 21
2 86 12 0
0 1 2 0
0 50 10 0
0 4 8 0
0 124 12 0
0 4 8 0
0 4 8 0
0 4 8 0
0 4 8 0
0 119 7 0
0 4 8 0
0 119 7 0
0 4 8 0
0 119 7 0
0 296 10 0
0 124 12 0
0 119 7 0
0 124 12 0
0 4 8 0
0 4 8 0
0 1 2 0
0 1 2 0
32 97 0 0
0 1 2 0
0 1 2 0
0 3 3 0
0 447 2 0
0 0 4 2
0 3 3 0
0 17 10 0
7 8 11 5
7 72 0 0
7 8 11 5
7 8 11 5
0 3 3 0
0 31 14 0
0 16 16 0
0 31 14 0
0 31 14 0
0 16 16 0
0 16 16 0
10 62 0 0
14 62 0 0
14 62 0 0
10 62 0 0
10 62 0 0
